   4.415 50.585
   4.415 49.585
   3.260 49.585
   3.275 48.500
   1.930 48.500
   1.930 48.410
   0.595 48.405
   0.595 48.300
  -0.735 48.300
  -0.735 47.200
  -2.020 47.200
  -2.020 46.200
  -1.940 46.200
  -1.940 45.205
  -1.860 45.205
  -1.860 45.100
  -3.145 45.100
  -3.145 44.100
  -3.050 44.100
  -3.050 43.115
  -2.940 43.115
  -2.940 42.115
  -3.625 42.115
  -3.625 41.120
  -3.475 41.120
  -3.475 40.130
  -2.725 40.130
  -2.725 39.130
  -2.340 39.130
  -2.340 38.180
  -1.975 38.180
  -1.975 37.220
  -1.615 37.220
  -1.615 36.260
  -0.360 36.260
  -0.360 36.360
  -0.130 36.360
  -0.130 35.460
   0.210 35.460
   0.210 34.565
   1.440 34.565
   1.440 34.620
   1.745 34.620
   1.745 33.675
   2.940 33.675
   2.940 33.655
   3.240 33.665
   3.240 32.640
   4.440 32.640
   4.440 32.695
   4.655 32.695
   4.655 31.720
   6.030 31.720
   6.030 30.840
  10.680 30.840
  10.680 29.850
  11.190 29.850
  11.190 28.850
  12.290 28.850
  12.290 28.830
  13.390 28.830
  13.390 28.810
  14.540 28.810
  14.540 29.790
  15.145 29.790
  15.145 30.755 
  15.985 30.755
  15.985 30.720
  16.980 30.720
  16.980 30.710
  17.980 30.710
  17.980 30.700
  18.885 30.700
  18.885 30.300
  19.585 30.300
  19.585 29.300
  20.690 29.300
  20.690 28.235
  21.795 28.235
  21.795 27.440
  22.900 27.440
  22.900 27.160
  24.000 27.160
  24.000 27.140
  25.130 27.140
  25.130 28.170
  26.230 28.170
  26.230 29.100
  27.320 29.100
  27.320 31.300
  26.645 31.300
  26.645 32.100
  26.805 32.100
  26.805 33.195
  26.010 33.195
  26.010 34.120
  24.865 34.120
  24.865 34.740
  23.840 34.740
  23.840 37.100
  23.915 37.100
  23.915 38.100
  23.985 38.100
  23.985 39.100
  24.050 39.100
  24.050 40.095
  24.170 40.095
  24.170 41.080
  24.220 41.080
  24.220 42.060
  24.320 42.060
  24.320 43.050
  24.430 43.050
  24.430 44.130
  24.640 44.130
  24.640 45.030
  23.645 45.030
  23.645 46.030
  22.360 46.030
  22.360 46.145
  22.435 46.145
  22.460 48.140
  21.140 48.140
  21.140 48.280
  19.870 48.280
  19.870 48.465
  18.520 48.465
  18.520 48.550
  17.155 48.550
  17.155 48.605
  15.760 48.605
  15.760 48.635
  12.980 48.635
  12.980 49.030
  11.680 49.030
  11.680 49.240
  10.300 49.240
  10.300 50.240
   8.910 50.240
   8.910 50.640
   7.350 50.640
   7.350 50.625
   5.860 50.625
   5.860 50.585
   4.415 50.585