# File generated by CMD 3.7 (http://stev.oapd.inaf.it/cmd) on Thu Feb  1 19:55:01 UTC 2024
# isochrones based on PARSEC release v1.2S +  COLIBRI S_37 + S_35 + PR16
# Basic references: Bressan et al. (2012), MNRAS, 427, 127 + Chen et al. (2014, 2015), MNRAS, 444, 2525 + MNRAS, 452, 1068 + Tang et al. (2014), MNRAS, 445, 4287 + Marigo et al. (2017), ApJ, 835, 77 + Pastorelli al. (2019), MNRAS, 485, 5666 + Pastorelli al. (2020), MNRAS, in press
# Thermal pulse cycles included 
# On RGB, assumed Reimers mass loss with efficiency eta=0.2
# LPV periods and growth rates added cf. Trabucchi et al. (2019)
# but fundamental-mode LPV periods are from Trabucchi et al. (2021)
# Photometric system: DECAM (ABmags)
# Using YBC version of bolometric corrections as in Chen et al. (2019)
# O-rich circumstellar dpmod60alox40 dust from Groenewegen (2006)
# C-rich circumstellar AMCSIC15 dust from Groenewegen (2006)
# IMF: Kroupa (2001, 2002) + Kroupa et al. (2013) canonical two-part-power law IMF corrected for unresolved binaries 
# Kind of output: isochrone tables
# Zini     MH   logAge Mini        int_IMF         Mass   logL    logTe  logg  label   McoreTP C_O  period0  period1  period2  period3  period4  pmode  Mloss  tau1m   X   Y   Xc  Xn  Xo  Cexcess  Z 	 mbolmag  umag    gmag    rmag    imag    zmag    Ymag
0.00049103 -1.50000 10.07918 0.0900000036 1.0816895926    0.090 -3.183  3.4750  5.427    1  0.000  0.545     0.00     0.00     0.00     0.00     0.00 -1 -5.32e-17      0.00 7.480e-01 2.515e-01 8.884e-05 2.397e-05 2.174e-04 -1.000 4.941e-04 12.727 17.878 16.196 14.281 12.616 12.072 11.964
0.00049103 -1.50000 10.07918 0.0951624960 1.1293774164    0.095 -3.030  3.4969  5.386    1  0.000  0.545     0.00     0.00     0.00     0.00     0.00 -1 -7.73e-17      0.00 7.471e-01 2.524e-01 8.884e-05 2.397e-05 2.174e-04 -1.000 4.941e-04 12.344 17.398 15.370 13.526 12.196 11.734 11.624
0.00049103 -1.50000 10.07918 0.1000000015 1.1711064122    0.100 -2.893  3.5163  5.349    1  0.000  0.545     0.00     0.00     0.00     0.00     0.00 -1 -1.08e-16      0.00 7.462e-01 2.533e-01 8.884e-05 2.397e-05 2.174e-04 -1.000 4.941e-04 12.004 16.869 14.670 12.912 11.830 11.427 11.318
0.00049103 -1.50000 10.07918 0.1199999973 1.3193154249    0.120 -2.608  3.5474  5.266    1  0.000  0.545     0.00     0.00     0.00     0.00     0.00 -1 -2.08e-16      0.00 7.436e-01 2.559e-01 8.884e-05 2.397e-05 2.174e-04 -1.000 4.940e-04 11.289 15.667 13.443 11.853 11.084 10.755 10.651
0.00049103 -1.50000 10.07918 0.1400000006 1.4384526719    0.140 -2.426  3.5627  5.213    1  0.000  0.545     0.00     0.00     0.00     0.00     0.00 -1 -3.12e-16      0.00 7.416e-01 2.579e-01 8.884e-05 2.397e-05 2.174e-04 -1.000 4.941e-04 10.835 14.916 12.764 11.266 10.618 10.319 10.220
0.00049103 -1.50000 10.07918 0.1599999964 1.5372931554    0.160 -2.284  3.5729  5.170    1  0.000  0.545     0.00     0.00     0.00     0.00     0.00 -1 -4.25e-16      0.00 7.402e-01 2.593e-01 8.884e-05 2.397e-05 2.174e-04 -1.000 4.941e-04 10.480 14.352 12.270 10.837 10.256 9.975 9.880
0.00049103 -1.50000 10.07918 0.2000000179 1.6938791367    0.200 -2.062  3.5862  5.098    1  0.000  0.545     0.00     0.00     0.00     0.00     0.00 -1 -6.88e-16      0.00 7.391e-01 2.605e-01 8.884e-05 2.397e-05 2.174e-04 -1.000 4.942e-04 9.926 13.527 11.547 10.208 9.695 9.436 9.346
0.00049103 -1.50000 10.07918 0.2500000000 1.8403257998    0.250 -1.859  3.5973  5.036    1  0.000  0.545     0.00     0.00     0.00     0.00     0.00 -1  -5.2e-16      0.00 7.390e-01 2.605e-01 8.883e-05 2.397e-05 2.174e-04 -1.000 4.941e-04 9.416 12.798 10.906 9.648 9.179 8.937 8.853
0.00049103 -1.50000 10.07918 0.3000000417 1.9529140366    0.300 -1.703  3.6058  4.993    1  0.000  0.545     0.00     0.00     0.00     0.00     0.00 -1 -1.45e-15      0.00 7.392e-01 2.603e-01 8.882e-05 2.397e-05 2.174e-04 -1.000 4.941e-04 9.028 12.253 10.423 9.226 8.785 8.556 8.477
0.00049103 -1.50000 10.07918 0.3204100132 1.9920695556    0.320 -1.650  3.6089  4.981    1  0.000  0.545     0.00     0.00     0.00     0.00     0.00 -1 -1.61e-15      0.00 7.392e-01 2.603e-01 8.880e-05 2.397e-05 2.174e-04 -1.000 4.941e-04 8.895 12.064 10.255 9.080 8.649 8.425 8.347
0.00049103 -1.50000 10.07918 0.3499999940 2.0434174644    0.350 -1.578  3.6131  4.964    1  0.000  0.545     0.00     0.00     0.00     0.00     0.00 -1 -1.85e-15      0.00 7.392e-01 2.603e-01 8.879e-05 2.397e-05 2.174e-04 -1.000 4.941e-04 8.714 11.813 10.031 8.885 8.466 8.249 8.173
0.00049103 -1.50000 10.07918 0.3961759806 2.1132007700    0.396 -1.445  3.6236  4.927    1  0.000  0.545     0.00     0.00     0.00     0.00     0.00 -1 -2.47e-15      0.00 7.495e-01 2.500e-01 8.884e-05 2.397e-05 2.174e-04 -1.000 4.942e-04 8.383 11.309 9.592 8.518 8.129 7.928 7.858
0.00049103 -1.50000 10.07918 0.4000000060 2.1185024399    0.400 -1.435  3.6244  4.924    1  0.000  0.545     0.00     0.00     0.00     0.00     0.00 -1 -2.52e-15      0.00 7.503e-01 2.492e-01 8.884e-05 2.397e-05 2.174e-04 -1.000 4.942e-04 8.357 11.270 9.558 8.489 8.103 7.903 7.833
0.00049103 -1.50000 10.07918 0.4110078812 2.1334032367    0.411 -1.395  3.6288  4.913    1  0.000  0.545     0.00     0.00     0.00     0.00     0.00 -1 -2.76e-15      0.00 7.503e-01 2.492e-01 8.884e-05 2.397e-05 2.174e-04 -1.000 4.941e-04 8.256 11.100 9.415 8.375 8.001 7.808 7.740
0.00049103 -1.50000 10.07918 0.4500000179 2.1822809362    0.450 -1.260  3.6432  4.876    1  0.000  0.545     0.00     0.00     0.00     0.00     0.00 -1 -3.75e-15      0.00 7.504e-01 2.491e-01 8.884e-05 2.397e-05 2.174e-04 -1.000 4.941e-04 7.921 10.541 8.942 7.996 7.661 7.489 7.428
0.00049103 -1.50000 10.07918 0.5000000000 2.2374541529    0.500 -1.064  3.6693  4.830    1  0.000  0.545     0.00     0.00     0.00     0.00     0.00 -1 -5.89e-15      0.00 7.504e-01 2.491e-01 8.884e-05 2.397e-05 2.174e-04 -1.000 4.941e-04 7.431 9.642 8.227 7.438 7.167 7.033 6.986
0.00049103 -1.50000 10.07918 0.5500000715 2.2836583126    0.550 -0.850  3.6942  4.757    1  0.000  0.544     0.00     0.00     0.00     0.00     0.00 -1    -1e-14      0.00 7.849e-01 2.147e-01 7.737e-05 2.089e-05 1.895e-04 -1.000 3.968e-04 6.894 8.705 7.515 6.856 6.635 6.534 6.500
0.00049103 -1.50000 10.07918 0.6000000238 2.3211213258    0.600 -0.640  3.7220  4.696    1  0.000  0.544     0.00     0.00     0.00     0.00     0.00 -1 -1.67e-14      0.00 7.957e-01 2.039e-01 7.395e-05 1.998e-05 1.814e-04 -1.000 3.949e-04 6.370 7.806 6.848 6.306 6.132 6.063 6.044
0.00049103 -1.50000 10.07918 0.6111643314 2.3285294814    0.611 -0.591  3.7289  4.683    1  0.000  0.543     0.00     0.00     0.00     0.00     0.00 -1 -1.87e-14      0.00 7.985e-01 2.011e-01 7.306e-05 1.973e-05 1.792e-04 -1.000 3.953e-04 6.248 7.602 6.697 6.182 6.018 5.958 5.942
0.00049103 -1.50000 10.07918 0.6223423481 2.3356413400    0.622 -0.542  3.7358  4.669    1  0.000  0.543     0.00     0.00     0.00     0.00     0.00 -1 -2.11e-14      0.00 8.014e-01 1.982e-01 7.213e-05 1.949e-05 1.770e-04 -1.000 3.957e-04 6.125 7.406 6.548 6.058 5.905 5.852 5.839
0.00049103 -1.50000 10.07918 0.6331586242 2.3422488529    0.633 -0.494  3.7424  4.655    1  0.000  0.543     0.00     0.00     0.00     0.00     0.00 -1 -2.38e-14      0.00 8.044e-01 1.952e-01 7.120e-05 1.924e-05 1.748e-04 -1.000 3.958e-04 6.005 7.220 6.405 5.939 5.796 5.749 5.740
0.00049103 -1.50000 10.07918 0.6432126164 2.3481620754    0.643 -0.449  3.7483  4.641    1  0.000  0.543     0.00     0.00     0.00     0.00     0.00 -1    -2e-16      0.00 8.073e-01 1.923e-01 7.030e-05 1.900e-05 1.726e-04 -1.000 3.956e-04 5.893 7.051 6.273 5.829 5.695 5.655 5.649
0.00049103 -1.50000 10.07918 0.6499999762 2.3520353107    0.650 -0.419  3.7523  4.631    1  0.000  0.543     0.00     0.00     0.00     0.00     0.00 -1 -2.87e-14      0.00 8.093e-01 1.903e-01 6.966e-05 1.884e-05 1.711e-04 -1.000 3.955e-04 5.817 6.938 6.184 5.755 5.628 5.592 5.587
0.00049103 -1.50000 10.07918 0.6590402722 2.3570519822    0.659 -0.378  3.7572  4.615    1  0.000  0.542     0.00     0.00     0.00     0.00     0.00 -1 -3.19e-14      0.00 8.126e-01 1.870e-01 6.862e-05 1.856e-05 1.686e-04 -1.000 3.960e-04 5.714 6.791 6.066 5.656 5.537 5.506 5.503
0.00049103 -1.50000 10.07918 0.6711241603 2.3635154931    0.671 -0.322  3.7635  4.593    1  0.000  0.542     0.00     0.00     0.00     0.00     0.00 -1 -3.68e-14      0.00 8.173e-01 1.823e-01 6.714e-05 1.816e-05 1.651e-04 -1.000 3.951e-04 5.575 6.598 5.909 5.522 5.413 5.388 5.388
0.00049103 -1.50000 10.07918 0.6822245121 2.3692214712    0.682 -0.270  3.7692  4.570    1  0.000  0.542     0.00     0.00     0.00     0.00     0.00 -1 -4.21e-14      0.00 8.219e-01 1.777e-01 6.569e-05 1.778e-05 1.616e-04 -1.000 3.832e-04 5.444 6.424 5.763 5.397 5.297 5.278 5.280
0.00049103 -1.50000 10.07918 0.6928078532 2.3744663364    0.693 -0.218  3.7746  4.547    1  0.000  0.541     0.00     0.00     0.00     0.00     0.00 -1 -4.74e-14      0.00 8.266e-01 1.731e-01 6.422e-05 1.739e-05 1.581e-04 -1.000 3.107e-04 5.315 6.257 5.621 5.275 5.182 5.169 5.172
0.00049103 -1.50000 10.07918 0.6999999881 2.3779266974    0.700 -0.182  3.7781  4.529    1  0.000  0.541     0.00     0.00     0.00     0.00     0.00 -1 -5.35e-14      0.00 8.299e-01 1.698e-01 6.317e-05 1.711e-05 1.556e-04 -1.000 2.973e-04 5.225 6.142 5.522 5.189 5.102 5.092 5.097
0.00049103 -1.50000 10.07918 0.7033693790 2.3795198512    0.703 -0.165  3.7797  4.521    1  0.000  0.541     0.00     0.00     0.00     0.00     0.00 -1  -5.6e-14      0.00 8.319e-01 1.678e-01 6.251e-05 1.694e-05 1.542e-04 -1.000 2.979e-04 5.182 6.088 5.475 5.148 5.064 5.055 5.061
0.00049103 -1.50000 10.07918 0.7130144238 2.3839847565    0.713 -0.114  3.7841  4.494    1  0.000  0.539     0.00     0.00     0.00     0.00     0.00 -1 -6.46e-14      0.00 8.375e-01 1.622e-01 6.062e-05 1.648e-05 1.500e-04 -1.000 2.974e-04 5.055 5.936 5.338 5.026 4.949 4.945 4.952
0.00049103 -1.50000 10.07918 0.7214795947 2.3877905609    0.721 -0.067  3.7880  4.467    1  0.000  0.537     0.00     0.00     0.00     0.00     0.00 -1 -7.37e-14      0.00 8.424e-01 1.573e-01 5.901e-05 1.608e-05 1.465e-04 -1.000 2.972e-04 4.938 5.797 5.212 4.914 4.843 4.842 4.851
0.00049103 -1.50000 10.07918 0.7298372984 2.3914486200    0.729 -0.019  3.7916  4.438    1  0.000  0.535     0.00     0.00     0.00     0.00     0.00 -1 -8.47e-14      0.00 8.470e-01 1.526e-01 5.750e-05 1.571e-05 1.433e-04 -1.000 3.296e-04 4.816 5.656 5.081 4.797 4.731 4.734 4.744
0.00049103 -1.50000 10.07918 0.7370149493 2.3945141498    0.737  0.025  3.7946  4.410    1  0.000  0.533     0.00     0.00     0.00     0.00     0.00 -1 -9.61e-14      0.00 8.509e-01 1.488e-01 5.629e-05 1.542e-05 1.407e-04 -1.000 3.209e-04 4.707 5.530 4.964 4.690 4.630 4.636 4.646
0.00049103 -1.50000 10.07918 0.7439681292 2.3974190356    0.743  0.070  3.7974  4.381    1  0.000  0.532     0.00     0.00     0.00     0.00     0.00 -1 -8.32e-15      0.00 8.545e-01 1.452e-01 5.521e-05 1.516e-05 1.384e-04 -1.000 3.019e-04 4.595 5.404 4.845 4.582 4.525 4.534 4.546
0.00049103 -1.50000 10.07918 0.7500000000 2.3998889087    0.749  0.111  3.7997  4.353    1  0.000  0.531     0.00     0.00     0.00     0.00     0.00 -1 -1.24e-13      0.00 8.574e-01 1.423e-01 5.435e-05 1.495e-05 1.365e-04 -1.000 2.980e-04 4.493 5.291 4.737 4.482 4.430 4.441 4.453
0.00049103 -1.50000 10.07918 0.7557942867 2.4022188546    0.755  0.152  3.8019  4.324    1  0.000  0.530     0.00     0.00     0.00     0.00     0.00 -1  -1.4e-13      0.00 8.588e-01 1.409e-01 5.414e-05 1.490e-05 1.361e-04 -1.000 2.978e-04 4.390 5.178 4.628 4.382 4.333 4.346 4.359
0.00049103 -1.50000 10.07918 0.7623471618 2.4048048199    0.762  0.201  3.8042  4.287    1  0.000  0.530     0.00     0.00     0.00     0.00     0.00 -1 -1.63e-13      0.00 8.602e-01 1.395e-01 5.393e-05 1.484e-05 1.357e-04 -1.000 2.960e-04 4.267 5.044 4.498 4.260 4.215 4.230 4.244
0.00049103 -1.50000 10.07918 0.7683432102 2.4071266550    0.767  0.250  3.8060  4.249    1  0.000  0.529     0.00     0.00     0.00     0.00     0.00 -1  -1.9e-13      0.00 8.613e-01 1.384e-01 5.379e-05 1.481e-05 1.355e-04 -1.000 3.154e-04 4.145 4.913 4.371 4.139 4.097 4.114 4.128
0.00049103 -1.50000 10.07918 0.7739286423 2.4092523088    0.773  0.298  3.8072  4.209    1  0.000  0.529     0.00     0.00     0.00     0.00     0.00 -1 -2.21e-13      0.00 8.611e-01 1.385e-01 5.402e-05 1.488e-05 1.361e-04 -1.000 3.375e-04 4.024 4.787 4.245 4.019 3.980 3.998 4.012
0.00049103 -1.50000 10.07918 0.7777552605 2.4106883593    0.777  0.333  3.8078  4.179    1  0.000  0.529     0.00     0.00     0.00     0.00     0.00 -1 -2.48e-13      0.00 8.607e-01 1.389e-01 5.425e-05 1.494e-05 1.367e-04 -1.000 3.512e-04 3.938 4.697 4.156 3.933 3.894 3.913 3.928
0.00049103 -1.50000 10.07918 0.7792152762 2.4112319998    0.778  0.347  3.8077  4.164    1  0.000  0.529     0.00     0.00     0.00     0.00     0.00 -1 -2.61e-13      0.00 8.605e-01 1.391e-01 5.435e-05 1.497e-05 1.369e-04 -1.000 3.540e-04 3.901 4.660 4.119 3.896 3.857 3.876 3.890
0.00049103 -1.50000 10.07918 0.7848982811 2.4133259529    0.784  0.408  3.8064  4.101    1  0.000  0.529     0.00     0.00     0.00     0.00     0.00 -1  -3.2e-13      0.00 8.598e-01 1.398e-01 5.473e-05 1.508e-05 1.379e-04 -1.000 3.651e-04 3.750 4.512 3.968 3.742 3.702 3.719 3.733
0.00049103 -1.50000 10.07918 0.7892271280 2.4148977071    0.788  0.462  3.8032  4.038    1  0.000  0.529     0.00     0.00     0.00     0.00     0.00 -1 -3.88e-13      0.00 8.593e-01 1.404e-01 5.503e-05 1.516e-05 1.387e-04 -1.000 3.735e-04 3.616 4.390 3.840 3.605 3.561 3.575 3.588
0.00049103 -1.50000 10.07918 0.7899657488 2.4151639141    0.789  0.472  3.8023  4.025    1  0.000  0.529     0.00     0.00     0.00     0.00     0.00 -1 -4.06e-13      0.00 8.592e-01 1.405e-01 5.508e-05 1.517e-05 1.388e-04 -1.000 3.748e-04 3.591 4.368 3.816 3.578 3.533 3.547 3.559
0.00049103 -1.50000 10.07918 0.7906665206 2.4154159512    0.789  0.482  3.8012  4.010    1  0.000  0.529     0.00     0.00     0.00     0.00     0.00 -1 -4.23e-13      0.00 8.591e-01 1.406e-01 5.512e-05 1.518e-05 1.389e-04 -1.000 3.762e-04 3.564 4.346 3.792 3.551 3.504 3.516 3.528
0.00049103 -1.50000 10.07918 0.7930153608 2.4162569921    0.792  0.519  3.7964  3.955    2  0.000  0.529     0.00     0.00     0.00     0.00     0.00 -1 -4.88e-13      0.00 8.588e-01 1.408e-01 5.528e-05 1.523e-05 1.393e-04 -1.000 3.807e-04 3.472 4.273 3.709 3.453 3.399 3.407 3.417
0.00049103 -1.50000 10.07918 0.7948045731 2.4168938146    0.793  0.552  3.7908  3.901    2  0.000  0.529     0.00     0.00     0.00     0.00     0.00 -1 -5.57e-13      0.00 8.583e-01 1.414e-01 5.551e-05 1.529e-05 1.399e-04 -1.000 3.842e-04 3.391 4.218 3.641 3.368 3.305 3.308 3.316
0.00049103 -1.50000 10.07918 0.7962012291 2.4173886304    0.795  0.580  3.7839  3.845    2  0.000  0.529     0.00     0.00     0.00     0.00     0.00 -1 -6.36e-13      0.00 8.566e-01 1.430e-01 5.610e-05 1.545e-05 1.414e-04 -1.000 3.869e-04 3.319 4.180 3.585 3.289 3.216 3.212 3.218
0.00049103 -1.50000 10.07918 0.7973241806 2.4177850310    0.796  0.605  3.7770  3.793    2  0.000  0.530     0.00     0.00     0.00     0.00     0.00 -1 -7.14e-13      0.00 8.407e-01 1.589e-01 6.116e-05 1.683e-05 1.538e-04 -1.000 3.892e-04 3.257 4.156 3.541 3.221 3.138 3.127 3.130
0.00049103 -1.50000 10.07918 0.7982642651 2.4181158937    0.797  0.628  3.7700  3.743    2  0.000  0.532     0.00     0.00     0.00     0.00     0.00 -1 -7.97e-13      0.00 8.189e-01 1.807e-01 6.775e-05 1.861e-05 1.697e-04 -1.000 3.938e-04 3.200 4.142 3.503 3.160 3.066 3.047 3.048
0.00049103 -1.50000 10.07918 0.7990920544 2.4184064929    0.797  0.651  3.7630  3.693    2  0.000  0.534     0.00     0.00     0.00     0.00     0.00 -1 -5.72e-13      0.00 8.001e-01 1.995e-01 7.323e-05 2.007e-05 1.828e-04 -1.000 3.991e-04 3.143 4.131 3.466 3.099 2.994 2.969 2.967
0.00049103 -1.50000 10.07918 0.7998251319 2.4186632657    0.798  0.676  3.7566  3.643    2  0.000  0.535     0.00     0.00     0.00     0.00     0.00 -1  -8.7e-13      0.00 7.867e-01 2.129e-01 7.705e-05 2.110e-05 1.920e-04 -1.000 4.143e-04 3.080 4.114 3.423 3.033 2.918 2.887 2.882
0.00049103 -1.50000 10.07918 0.8000000119 2.4187244405    0.798  0.683  3.7551  3.629    2  0.000  0.535     0.00     0.00     0.00     0.00     0.00 -1 -1.03e-12      0.00 7.844e-01 2.152e-01 7.771e-05 2.127e-05 1.935e-04 -1.000 4.221e-04 3.062 4.107 3.409 3.015 2.898 2.864 2.859
0.00049103 -1.50000 10.07918 0.8003829718 2.4188582962    0.799  0.699  3.7518  3.600    2  0.000  0.536     0.00     0.00     0.00     0.00     0.00 -1  -1.1e-12      0.00 7.793e-01 2.203e-01 7.915e-05 2.166e-05 1.970e-04 -1.000 4.397e-04 3.022 4.092 3.380 2.974 2.852 2.815 2.808
0.00049103 -1.50000 10.07918 0.8009545803 2.4190578164    0.799  0.731  3.7473  3.551    2  0.000  0.536     0.00     0.00     0.00     0.00     0.00 -1 -1.26e-12      0.00 7.741e-01 2.254e-01 8.060e-05 2.204e-05 2.005e-04 -1.000 4.572e-04 2.944 4.047 3.317 2.895 2.766 2.724 2.716
0.00049103 -1.50000 10.07918 0.8015202880 2.4192549547    0.800  0.768  3.7436  3.499    2  0.000  0.536     0.00     0.00     0.00     0.00     0.00 -1 -1.46e-12      0.00 7.705e-01 2.291e-01 8.161e-05 2.231e-05 2.028e-04 -1.000 3.961e-04 2.849 3.981 3.235 2.801 2.665 2.620 2.610
0.00049103 -1.50000 10.07918 0.8017036915 2.4193187986    0.800  0.783  3.7427  3.480    2  0.000  0.536     0.00     0.00     0.00     0.00     0.00 -1 -1.54e-12      0.00 7.696e-01 2.300e-01 8.185e-05 2.237e-05 2.034e-04 -1.000 4.273e-04 2.812 3.951 3.201 2.764 2.627 2.580 2.570
0.00049103 -1.50000 10.07918 0.8021959066 2.4194899760    0.800  0.824  3.7402  3.430    3  0.000  0.537     0.00     0.00     0.00     0.00     0.00 -1 -1.79e-12      0.00 7.671e-01 2.324e-01 8.244e-05 2.253e-05 2.049e-04 -1.000 4.850e-04 2.710 3.868 3.107 2.662 2.521 2.472 2.460
0.00049103 -1.50000 10.07918 0.8027341962 2.4196769002    0.801  0.873  3.7379  3.372    3  0.000  0.537     0.00     0.00     0.00     0.00     0.00 -1 -2.13e-12      0.00 7.647e-01 2.348e-01 8.297e-05 2.267e-05 2.061e-04 -1.000 4.471e-04 2.588 3.767 2.994 2.541 2.397 2.345 2.332
0.00049103 -1.50000 10.07918 0.8031912446 2.4198353868    0.801  0.917  3.7361  3.321    3  0.000  0.537     0.00     0.00     0.00     0.00     0.00 -1 -2.51e-12      0.00 7.628e-01 2.367e-01 8.333e-05 2.277e-05 2.070e-04 -1.000 4.462e-04 2.477 3.670 2.889 2.430 2.283 2.229 2.215
0.00049103 -1.50000 10.07918 0.8036280274 2.4199866524    0.802  0.963  3.7344  3.268    3  0.000  0.537     0.00     0.00     0.00     0.00     0.00 -1 -2.96e-12      0.00 7.610e-01 2.385e-01 8.362e-05 2.286e-05 2.077e-04 -1.000 4.941e-04 2.362 3.570 2.780 2.317 2.167 2.111 2.096
0.00049103 -1.50000 10.07918 0.8040716052 2.4201400778    0.802  1.013  3.7328  3.212    3  0.000  0.537     0.00     0.00     0.00     0.00     0.00 -1 -3.55e-12      0.00 7.592e-01 2.403e-01 8.387e-05 2.293e-05 2.084e-04 -1.000 4.912e-04 2.237 3.458 2.661 2.192 2.040 1.982 1.967
0.00049103 -1.50000 10.07918 0.8044793606 2.4202809413    0.802  1.063  3.7312  3.156    3  0.000  0.536     0.00     0.00     0.00     0.00     0.00 -1 -4.24e-12      0.00 7.576e-01 2.420e-01 8.402e-05 2.300e-05 2.089e-04 -1.000 4.843e-04 2.113 3.346 2.542 2.069 1.915 1.855 1.838
0.00049103 -1.50000 10.07918 0.8048453331 2.4204072306    0.803  1.111  3.7297  3.102    3  0.000  0.536     0.00     0.00     0.00     0.00     0.00 -1 -5.04e-12      0.00 7.561e-01 2.435e-01 8.407e-05 2.308e-05 2.093e-04 -1.000 4.561e-04 1.992 3.238 2.427 1.949 1.792 1.731 1.714
0.00049103 -1.50000 10.07918 0.8051653504 2.4205175536    0.803  1.157  3.7283  3.051    3  0.000  0.535     0.00     0.00     0.00     0.00     0.00 -1 -5.93e-12      0.00 7.547e-01 2.448e-01 8.403e-05 2.317e-05 2.096e-04 -1.000 4.387e-04 1.878 3.136 2.318 1.836 1.678 1.614 1.596
0.00049103 -1.50000 10.07918 0.8054770827 2.4206249235    0.803  1.205  3.7269  2.997    3  0.000  0.533     0.00     0.00     0.00     0.00     0.00 -1 -7.06e-12      0.00 7.534e-01 2.461e-01 8.389e-05 2.331e-05 2.098e-04 -1.000 4.914e-04 1.756 3.027 2.203 1.716 1.555 1.490 1.471
0.00049103 -1.50000 10.07918 0.8057761192 2.4207278308    0.803  1.256  3.7252  2.939    3  0.000  0.531     0.00     0.00     0.00     0.00     0.00 -1 -8.48e-12      0.00 7.523e-01 2.472e-01 8.365e-05 2.352e-05 2.100e-04 -1.000 4.611e-04 1.629 2.915 2.082 1.590 1.426 1.359 1.340
0.00049103 -1.50000 10.07918 0.8060268760 2.4208140559    0.803  1.303  3.7238  2.887    3  0.000  0.529     0.00     0.00     0.00     0.00     0.00 -1    -1e-11      0.00 7.515e-01 2.481e-01 8.339e-05 2.375e-05 2.102e-04 -1.000 4.340e-04 1.513 2.812 1.971 1.474 1.309 1.240 1.219
0.00049103 -1.50000 10.07918 0.8062555790 2.4208926439    0.803  1.349  3.7223  2.835    3  0.000  0.527     0.00     0.00     0.00     0.00     0.00 -1 -1.19e-11      0.00 7.508e-01 2.487e-01 8.312e-05 2.401e-05 2.103e-04 -1.000 4.932e-04 1.397 2.710 1.861 1.360 1.192 1.121 1.100
0.00049103 -1.50000 10.07918 0.8064706922 2.4209665153    0.803  1.396  3.7207  2.781    3  0.000  0.525     0.00     0.00     0.00     0.00     0.00 -1  -1.4e-11      0.00 7.502e-01 2.493e-01 8.285e-05 2.428e-05 2.105e-04 -1.000 4.902e-04 1.279 2.607 1.750 1.243 1.072 1.000 0.978
0.00049103 -1.50000 10.07918 0.8066608310 2.4210317726    0.804  1.442  3.7191  2.730    3  0.000  0.524     0.00     0.00     0.00     0.00     0.00 -1 -1.66e-11      0.00 7.499e-01 2.497e-01 8.265e-05 2.449e-05 2.105e-04 -1.000 4.883e-04 1.166 2.509 1.643 1.131 0.958 0.883 0.860
0.00049103 -1.50000 10.07918 0.8068416119 2.4210937853    0.804  1.489  3.7174  2.676    3  0.000  0.522     0.00     0.00     0.00     0.00     0.00 -1 -1.97e-11      0.00 7.496e-01 2.499e-01 8.249e-05 2.466e-05 2.106e-04 -1.000 4.911e-04 1.047 2.407 1.532 1.014 0.838 0.762 0.738
0.00049103 -1.50000 10.07918 0.8070010543 2.4211484519    0.803  1.535  3.7157  2.623    3  0.000  0.522     0.00     0.00     0.00     0.00     0.00 -1 -2.32e-11      0.00 7.494e-01 2.501e-01 8.239e-05 2.477e-05 2.106e-04 -1.000 4.941e-04 0.933 2.310 1.425 0.902 0.723 0.644 0.620
0.00049103 -1.50000 10.07918 0.8071429133 2.4211970690    0.803  1.579  3.7140  2.572    3  0.000  0.521     0.00     0.00     0.00     0.00     0.00 -1 -2.72e-11      0.00 7.493e-01 2.502e-01 8.234e-05 2.483e-05 2.106e-04 -1.000 4.941e-04 0.823 2.217 1.323 0.793 0.611 0.531 0.505
0.00049103 -1.50000 10.07918 0.8072780371 2.4212433594    0.803  1.625  3.7123  2.519    3  0.000  0.521     0.00     0.00     0.00     0.00     0.00 -1 -3.22e-11      0.00 7.492e-01 2.503e-01 8.232e-05 2.486e-05 2.106e-04 -1.000 4.941e-04 0.708 2.119 1.215 0.680 0.496 0.413 0.386
0.00049103 -1.50000 10.07918 0.8074004054 2.4212852648    0.803  1.670  3.7105  2.467    3  0.000  0.521     0.00     0.00     0.00     0.00     0.00 -1 -3.79e-11      0.00 7.492e-01 2.503e-01 8.231e-05 2.487e-05 2.106e-04 -1.000 4.940e-04 0.595 2.026 1.111 0.568 0.381 0.296 0.269
0.00049103 -1.50000 10.07918 0.8075081706 2.4213221572    0.803  1.713  3.7087  2.416    3  0.000  0.521     0.00     0.00     0.00     0.00     0.00 -1 -4.44e-11      0.00 7.492e-01 2.503e-01 8.231e-05 2.488e-05 2.106e-04 -1.000 4.941e-04 0.487 1.939 1.011 0.461 0.271 0.184 0.156
0.00049103 -1.50000 10.07918 0.8076071143 2.4213560197    0.803  1.756  3.7069  2.366    3  0.000  0.521     0.00     0.00     0.00     0.00     0.00 -1 -5.19e-11      0.00 7.492e-01 2.503e-01 8.230e-05 2.489e-05 2.106e-04 -1.000 4.941e-04 0.379 1.854 0.912 0.355 0.162 0.073 0.043
0.00049103 -1.50000 10.07918 0.8077028394 2.4213887716    0.803  1.801  3.7050  2.313    3  0.000  0.521     0.00     0.00     0.00     0.00     0.00 -1 -6.13e-11      0.00 7.492e-01 2.503e-01 8.230e-05 2.489e-05 2.106e-04 -1.000 4.940e-04 0.267 1.766 0.809 0.244 0.047 -0.044 -0.074
0.00049103 -1.50000 10.07918 0.8077867031 2.4214174578    0.803  1.844  3.7032  2.263    3  0.000  0.521     0.00     0.00     0.00     0.00     0.00 -1 -7.16e-11      0.00 7.492e-01 2.503e-01 8.229e-05 2.490e-05 2.106e-04 -1.000 4.941e-04 0.160 1.683 0.712 0.139 -0.061 -0.154 -0.186
0.00049103 -1.50000 10.07918 0.8078638315 2.4214438341    0.802  1.886  3.7013  2.213    3  0.000  0.521     0.00     0.00     0.00     0.00     0.00 -1 -8.36e-11      0.00 7.492e-01 2.503e-01 8.229e-05 2.490e-05 2.106e-04 -1.000 4.940e-04 0.055 1.602 0.616 0.035 -0.168 -0.264 -0.296
0.00049103 -1.50000 10.07918 0.8079368472 2.4214687986    0.802  1.929  3.6994  2.163    3  0.000  0.521     0.00     0.00     0.00     0.00     0.00 -1 -9.77e-11      0.00 7.492e-01 2.503e-01 8.228e-05 2.491e-05 2.106e-04 -1.000 4.941e-04 -0.052 1.520 0.520 -0.069 -0.276 -0.374 -0.407
0.00049103 -1.50000 10.07918 0.8080011010 2.4214907631    0.802  1.968  3.6975  2.116    3  0.000  0.521     0.00     0.00     0.00     0.00     0.00 -1 -1.13e-10      0.00 7.492e-01 2.503e-01 8.228e-05 2.491e-05 2.106e-04 -1.000 4.941e-04 -0.151 1.446 0.431 -0.166 -0.376 -0.476 -0.511
0.00049103 -1.50000 10.07918 0.8080629706 2.4215119088    0.802  2.006  3.6958  2.071    3  0.000  0.521     0.00     0.00     0.00     0.00     0.00 -1  -1.3e-10      0.00 7.492e-01 2.503e-01 8.228e-05 2.492e-05 2.106e-04 -1.000 4.941e-04 -0.246 1.376 0.346 -0.259 -0.471 -0.574 -0.610
0.00049103 -1.50000 10.07918 0.8081272244 2.4215338653    0.801  2.041  3.6941  2.029    3  0.000  0.521     0.00     0.00     0.00     0.00     0.00 -1 -1.48e-10      0.00 7.492e-01 2.503e-01 8.227e-05 2.492e-05 2.106e-04 -1.000 4.941e-04 -0.332 1.313 0.270 -0.343 -0.559 -0.663 -0.700
0.00049103 -1.50000 10.07918 0.8081846237 2.4215534762    0.801  2.066  3.6930  2.000    3  0.000  0.521     0.00     0.00     0.00     0.00     0.00 -1 -1.62e-10      0.00 7.492e-01 2.503e-01 8.227e-05 2.493e-05 2.106e-04 -1.000 4.941e-04 -0.394 1.266 0.214 -0.403 -0.621 -0.727 -0.764
0.00049103 -1.50000 10.07918 0.8082301617 2.4215690323    0.800  2.051  3.6940  2.018    3  0.000  0.521     0.00     0.00     0.00     0.00     0.00 -1 -1.55e-10      0.00 7.492e-01 2.503e-01 8.227e-05 2.493e-05 2.106e-04 -1.000 4.941e-04 -0.358 1.289 0.244 -0.368 -0.585 -0.689 -0.726
0.00049103 -1.50000 10.07918 0.8082362413 2.4215711090    0.800  2.049  3.6941  2.021    3  0.000  0.521     0.00     0.00     0.00     0.00     0.00 -1 -1.54e-10      0.00 7.492e-01 2.503e-01 8.227e-05 2.493e-05 2.106e-04 -1.000 4.941e-04 -0.353 1.292 0.248 -0.364 -0.580 -0.684 -0.721
0.00049103 -1.50000 10.07918 0.8082674742 2.4215817771    0.800  2.075  3.6929  1.989    3  0.000  0.521     0.00     0.00     0.00     0.00     0.00 -1 -1.68e-10      0.00 7.492e-01 2.503e-01 8.227e-05 2.493e-05 2.106e-04 -1.000 4.941e-04 -0.419 1.244 0.190 -0.428 -0.646 -0.752 -0.789
0.00049103 -1.50000 10.07918 0.8083149791 2.4215980012    0.800  2.118  3.6908  1.938    3  0.000  0.521     0.00     0.00     0.00     0.00     0.00 -1 -1.96e-10      0.00 7.492e-01 2.503e-01 8.226e-05 2.494e-05 2.106e-04 -1.000 4.940e-04 -0.524 1.173 0.098 -0.530 -0.752 -0.862 -0.900
0.00049103 -1.50000 10.07918 0.8083592057 2.4216131038    0.799  2.160  3.6886  1.887    3  0.000  0.521     0.00     0.00     0.00     0.00     0.00 -1 -2.29e-10      0.00 7.492e-01 2.504e-01 8.226e-05 2.494e-05 2.106e-04 -1.000 4.941e-04 -0.629 1.104 0.007 -0.632 -0.858 -0.971 -1.010
0.00049103 -1.50000 10.07918 0.8083999753 2.4216270241    0.799  2.202  3.6865  1.837    3  0.000  0.521     0.00     0.00     0.00     0.00     0.00 -1 -2.67e-10      0.00 7.491e-01 2.504e-01 8.226e-05 2.494e-05 2.106e-04 -1.000 4.941e-04 -0.734 1.036 -0.084 -0.733 -0.964 -1.079 -1.119
0.00049103 -1.50000 10.07918 0.8084357977 2.4216392540    0.798  2.242  3.6842  1.788    3  0.000  0.521     0.00     0.00     0.00     0.00     0.00 -1 -3.11e-10      0.00 7.491e-01 2.504e-01 8.226e-05 2.494e-05 2.106e-04 -1.000 4.941e-04 -0.834 0.982 -0.168 -0.831 -1.064 -1.182 -1.225
0.00049103 -1.50000 10.07918 0.8084706664 2.4216511571    0.798  2.283  3.6821  1.737    3  0.000  0.521     0.00     0.00     0.00     0.00     0.00 -1 -3.62e-10      0.00 7.491e-01 2.504e-01 8.226e-05 2.495e-05 2.106e-04 -1.000 4.940e-04 -0.938 0.927 -0.256 -0.933 -1.171 -1.291 -1.335
0.00049103 -1.50000 10.07918 0.8085013628 2.4216616349    0.797  2.322  3.6798  1.688    3  0.000  0.521     0.00     0.00     0.00     0.00     0.00 -1  -4.2e-10      0.00 7.491e-01 2.504e-01 8.225e-05 2.495e-05 2.106e-04 -1.000 4.941e-04 -1.036 0.884 -0.337 -1.030 -1.271 -1.395 -1.440
0.00049103 -1.50000 10.07918 0.8085311651 2.4216718066    0.797  2.363  3.6776  1.638    3  0.000  0.521     0.00     0.00     0.00     0.00     0.00 -1 -4.88e-10      0.00 7.491e-01 2.504e-01 8.225e-05 2.495e-05 2.106e-04 -1.000 4.941e-04 -1.138 0.838 -0.420 -1.129 -1.375 -1.501 -1.547
0.00049103 -1.50000 10.07918 0.8085576296 2.4216808384    0.796  2.402  3.6753  1.590    3  0.000  0.521     0.00     0.00     0.00     0.00     0.00 -1 -5.65e-10      0.00 7.491e-01 2.504e-01 8.225e-05 2.495e-05 2.107e-04 -1.000 4.940e-04 -1.235 0.802 -0.497 -1.224 -1.474 -1.603 -1.651
0.00049103 -1.50000 10.07918 0.8085883856 2.4216913340    0.795  2.451  3.6724  1.529    3  0.000  0.521     0.00     0.00     0.00     0.00     0.00 -1 -6.77e-10      0.00 7.491e-01 2.504e-01 8.225e-05 2.496e-05 2.107e-04 -1.000 4.940e-04 -1.357 0.759 -0.592 -1.342 -1.597 -1.730 -1.780
0.00049103 -1.50000 10.07918 0.8086157441 2.4217006694    0.794  2.498  3.6695  1.470    3  0.000  0.521     0.00     0.00     0.00     0.00     0.00 -1 -8.08e-10      0.00 7.491e-01 2.504e-01 8.225e-05 2.496e-05 2.107e-04 -1.000 4.941e-04 -1.474 0.729 -0.680 -1.456 -1.717 -1.854 -1.906
0.00049103 -1.50000 10.07918 0.8086372614 2.4217080111    0.793  2.538  3.6672  1.420    3  0.000  0.521     7.91     6.15     4.35     3.37     2.72  3  -9.4e-10      0.00 7.491e-01 2.504e-01 8.225e-05 2.496e-05 2.107e-04 -1.000 4.941e-04 -1.574 0.706 -0.754 -1.551 -1.818 -1.958 -2.011
0.00049103 -1.50000 10.07918 0.8086600900 2.4217157997    0.792  2.583  3.6643  1.362    3  0.000  0.521     8.94     6.83     4.80     3.72     3.01  3 -1.11e-09      0.00 7.491e-01 2.504e-01 8.225e-05 2.496e-05 2.107e-04 -1.000 4.941e-04 -1.688 0.693 -0.833 -1.660 -1.933 -2.077 -2.132
0.00049103 -1.50000 10.07918 0.8086784482 2.4217220628    0.791  2.622  3.6619  1.313    3  0.000  0.521     9.91     7.46     5.23     4.06     3.28  3 -1.29e-09      0.00 7.491e-01 2.504e-01 8.225e-05 2.496e-05 2.107e-04 -1.000 4.941e-04 -1.786 0.681 -0.901 -1.753 -2.032 -2.179 -2.236
0.00049103 -1.50000 10.07918 0.8086977005 2.4217286305    0.789  2.666  3.6589  1.256    3  0.000  0.521    11.18     8.27     5.76     4.48     3.63  3 -1.53e-09      0.00 7.491e-01 2.504e-01 8.224e-05 2.496e-05 2.107e-04 -1.000 4.940e-04 -1.896 0.685 -0.971 -1.856 -2.143 -2.294 -2.354
0.00049103 -1.50000 10.07918 0.8087161779 2.4217349336    0.788  2.712  3.6559  1.198    3  0.000  0.521    12.65     9.19     6.37     4.96     4.02  3 -1.82e-09      0.00 7.491e-01 2.504e-01 8.224e-05 2.496e-05 2.107e-04 -1.000 4.940e-04 -2.010 0.671 -1.046 -1.960 -2.255 -2.411 -2.473
0.00049103 -1.50000 10.07918 0.8087334037 2.4217408094    0.786  2.758  3.6529  1.139    3  0.000  0.521    14.33    10.22     7.05     5.50     4.46  2 -2.17e-09      0.00 7.491e-01 2.504e-01 8.224e-05 2.497e-05 2.107e-04 -1.000 4.941e-04 -2.126 0.649 -1.124 -2.063 -2.366 -2.528 -2.593
0.00049103 -1.50000 10.07918 0.8087483644 2.4217459123    0.784  2.801  3.6499  1.082    3  0.000  0.521    16.14    11.30     7.77     6.07     4.92  2 -2.56e-09      0.00 7.491e-01 2.504e-01 8.224e-05 2.497e-05 2.107e-04 -1.000 4.941e-04 -2.234 0.635 -1.193 -2.159 -2.471 -2.637 -2.704
0.00049103 -1.50000 10.07918 0.8087630868 2.4217509338    0.782  2.847  3.6469  1.024    3  0.000  0.521    18.25    12.55     8.59     6.72     5.45  2 -3.04e-09      0.00 7.491e-01 2.504e-01 8.224e-05 2.497e-05 2.107e-04 -1.000 4.941e-04 -2.347 0.615 -1.267 -2.259 -2.579 -2.751 -2.821
0.00049103 -1.50000 10.07918 0.8087757826 2.4217552638    0.780  2.889  3.6438  0.968    3  0.000  0.521    20.53    13.88     9.45     7.41     6.01  2 -3.58e-09      0.00 7.491e-01 2.504e-01 8.224e-05 2.497e-05 2.107e-04 -1.000 4.941e-04 -2.453 0.612 -1.328 -2.350 -2.679 -2.857 -2.929
0.00049103 -1.50000 10.07918 0.8087881207 2.4217594717    0.777  2.933  3.6408  0.911    3  0.000  0.521    23.17    15.39    10.43     8.19     6.64  2 -4.24e-09      0.00 7.491e-01 2.504e-01 8.224e-05 2.497e-05 2.107e-04 -1.000 4.941e-04 -2.563 0.609 -1.391 -2.445 -2.784 -2.968 -3.043
0.00049103 -1.50000 10.07918 0.8087996840 2.4217634152    0.775  2.977  3.6377  0.853    3  0.000  0.521    26.18    17.07    11.51     9.05     7.34  1 -5.02e-09      0.00 7.491e-01 2.504e-01 8.224e-05 2.497e-05 2.107e-04 -1.000 4.941e-04 -2.673 0.607 -1.452 -2.538 -2.888 -3.078 -3.155
0.00049103 -1.50000 10.07918 0.8088097572 2.4217668505    0.772  3.018  3.6346  0.798    3  0.000  0.521    29.40    18.84    12.65     9.97     8.08  1  -5.9e-09      0.00 7.491e-01 2.504e-01 8.224e-05 2.497e-05 2.107e-04 -1.000 4.941e-04 -2.776 0.613 -1.503 -2.622 -2.983 -3.180 -3.260
0.00049103 -1.50000 10.07918 0.8088195920 2.4217702043    0.769  3.061  3.6316  0.741    3  0.000  0.521    33.12    20.85    13.93    10.99     8.92  1 -6.96e-09      0.00 7.491e-01 2.504e-01 8.224e-05 2.497e-05 2.107e-04 -1.000 4.941e-04 -2.882 0.616 -1.558 -2.711 -3.083 -3.285 -3.368
0.00049103 -1.50000 10.07918 0.8088287115 2.4217733141    0.765  3.103  3.6284  0.684    3  0.000  0.521    37.33    23.07    15.35    12.13     9.85  1 -8.21e-09      0.00 7.491e-01 2.504e-01 8.224e-05 2.497e-05 2.107e-04 -1.000 4.941e-04 -2.988 0.621 -1.610 -2.797 -3.180 -3.390 -3.475
0.00049103 -1.50000 10.07918 0.8088370562 2.4217761597    0.761  3.144  3.6253  0.628    3  0.000  0.521    41.97    25.48    16.87    13.36    10.84  1 -9.65e-09      0.00 7.491e-01 2.504e-01 8.224e-05 2.497e-05 2.107e-04 -1.000 4.941e-04 -3.091 0.626 -1.658 -2.879 -3.274 -3.490 -3.579
0.00049103 -1.50000 10.07918 0.8088453412 2.4217789848    0.757  3.188  3.6223  0.570    3  0.000  0.521    47.44    28.27    18.63    14.78    12.00  1 -1.14e-08      0.00 7.491e-01 2.504e-01 8.224e-05 2.497e-05 2.107e-04 -1.000 4.941e-04 -3.200 0.627 -1.711 -2.967 -3.374 -3.597 -3.688
0.00049103 -1.50000 10.07918 0.8088527918 2.4217815253    0.752  3.229  3.6192  0.514    3  0.000  0.521    53.39    31.24    20.49    16.28    13.22  1 -1.34e-08      0.00 7.491e-01 2.504e-01 8.224e-05 2.497e-05 2.107e-04 -1.000 4.941e-04 -3.303 0.633 -1.757 -3.048 -3.467 -3.696 -3.790
0.00049103 -1.50000 10.07918 0.8088599443 2.4217839642    0.747  3.271  3.6162  0.457    3  0.000  0.521    60.17    34.56    22.56    17.96    14.59  1 -1.59e-08      0.00 7.491e-01 2.504e-01 8.224e-05 2.497e-05 2.107e-04 -1.000 4.941e-04 -3.406 0.635 -1.796 -3.126 -3.560 -3.797 -3.894
0.00049103 -1.50000 10.07918 0.8088659644 2.4217860169    0.741  3.304  3.6138  0.411    3  0.000  0.521    66.23    37.48    24.37    19.43    15.78  1 -1.82e-08      0.00 7.491e-01 2.504e-01 8.224e-05 2.498e-05 2.107e-04 -1.000 4.941e-04 -3.489 0.635 -1.824 -3.188 -3.634 -3.877 -3.977
0.00049103 -1.50000 10.07918 0.8088659644 2.4217860169    0.741  1.725  3.7712  2.620    4  0.000  0.525     0.00     0.00     0.00     0.00     0.00 -1    -1e-30      0.00 7.422e-01 2.573e-01 8.499e-05 2.500e-05 2.160e-04 -1.000 4.941e-04 0.458 1.360 0.717 0.406 0.322 0.303 0.303
0.00049103 -1.50000 10.07918 0.8088693023 2.4217871550    0.741  1.731  3.7695  2.607    4  0.000  0.525     0.00     0.00     0.00     0.00     0.00 -1    -1e-30      0.00 7.422e-01 2.573e-01 8.499e-05 2.500e-05 2.160e-04 -1.000 4.941e-04 0.442 1.355 0.707 0.389 0.303 0.282 0.281
0.00049103 -1.50000 10.07918 0.8089247346 2.4218060539    0.741  1.743  3.7685  2.591    4  0.000  0.525     0.00     0.00     0.00     0.00     0.00 -1    -1e-30      0.00 7.422e-01 2.573e-01 8.499e-05 2.500e-05 2.160e-04 -1.000 4.941e-04 0.413 1.333 0.682 0.361 0.273 0.251 0.249
0.00049103 -1.50000 10.07918 0.8089807630 2.4218251531    0.742  1.745  3.7687  2.590    4  0.000  0.525     0.00     0.00     0.00     0.00     0.00 -1    -1e-30      0.00 7.422e-01 2.573e-01 8.499e-05 2.500e-05 2.160e-04 -1.000 4.941e-04 0.409 1.327 0.676 0.356 0.269 0.247 0.245
0.00049103 -1.50000 10.07918 0.8090381026 2.4218446961    0.742  1.745  3.7694  2.592    4  0.000  0.525     0.00     0.00     0.00     0.00     0.00 -1    -1e-30      0.00 7.422e-01 2.573e-01 8.499e-05 2.500e-05 2.160e-04 -1.000 4.941e-04 0.407 1.320 0.672 0.354 0.268 0.246 0.245
0.00049103 -1.50000 10.07918 0.8090949059 2.4218640532    0.742  1.745  3.7705  2.597    4  0.000  0.525     0.00     0.00     0.00     0.00     0.00 -1    -1e-30      0.00 7.422e-01 2.573e-01 8.499e-05 2.500e-05 2.160e-04 -1.000 4.941e-04 0.406 1.312 0.667 0.353 0.269 0.249 0.248
0.00049103 -1.50000 10.07918 0.8091482520 2.4218822293    0.742  1.745  3.7718  2.602    4  0.000  0.525     0.00     0.00     0.00     0.00     0.00 -1    -1e-30      0.00 7.422e-01 2.573e-01 8.499e-05 2.500e-05 2.160e-04 -1.000 4.941e-04 0.407 1.304 0.663 0.354 0.272 0.253 0.253
0.00049103 -1.50000 10.07918 0.8092007637 2.4219001184    0.742  1.744  3.7734  2.609    4  0.000  0.525     0.00     0.00     0.00     0.00     0.00 -1    -1e-30      0.00 7.422e-01 2.573e-01 8.499e-05 2.500e-05 2.160e-04 -1.000 4.941e-04 0.409 1.295 0.659 0.356 0.277 0.259 0.260
0.00049103 -1.50000 10.07918 0.8092538714 2.4219182078    0.742  1.744  3.7753  2.618    4  0.000  0.525     0.00     0.00     0.00     0.00     0.00 -1    -1e-30      0.00 7.422e-01 2.573e-01 8.499e-05 2.500e-05 2.160e-04 -1.000 4.941e-04 0.411 1.285 0.655 0.358 0.283 0.267 0.268
0.00049103 -1.50000 10.07918 0.8093093634 2.4219371065    0.742  1.742  3.7773  2.627    4  0.000  0.525     0.00     0.00     0.00     0.00     0.00 -1    -1e-30      0.00 7.422e-01 2.573e-01 8.499e-05 2.500e-05 2.160e-04 -1.000 4.941e-04 0.414 1.274 0.650 0.361 0.289 0.275 0.278
0.00049103 -1.50000 10.07918 0.8093641400 2.4219557586    0.742  1.741  3.7794  2.636    4  0.000  0.525     0.00     0.00     0.00     0.00     0.00 -1    -1e-30      0.00 7.422e-01 2.573e-01 8.499e-05 2.500e-05 2.160e-04 -1.000 4.941e-04 0.417 1.263 0.645 0.363 0.295 0.283 0.287
0.00049103 -1.50000 10.07918 0.8094205260 2.4219749557    0.742  1.740  3.7813  2.645    4  0.000  0.525     0.00     0.00     0.00     0.00     0.00 -1    -1e-30      0.00 7.422e-01 2.573e-01 8.499e-05 2.500e-05 2.160e-04 -1.000 4.941e-04 0.419 1.254 0.640 0.366 0.301 0.291 0.295
0.00049103 -1.50000 10.07918 0.8094763756 2.4219939671    0.742  1.740  3.7831  2.653    4  0.000  0.525     0.00     0.00     0.00     0.00     0.00 -1    -1e-30      0.00 7.422e-01 2.573e-01 8.499e-05 2.500e-05 2.160e-04 -1.000 4.941e-04 0.421 1.246 0.636 0.368 0.306 0.298 0.302
0.00049103 -1.50000 10.07918 0.8095316291 2.4220127726    0.742  1.739  3.7845  2.659    4  0.000  0.525     0.00     0.00     0.00     0.00     0.00 -1    -1e-30      0.00 7.422e-01 2.573e-01 8.499e-05 2.500e-05 2.160e-04 -1.000 4.941e-04 0.422 1.239 0.632 0.369 0.310 0.303 0.308
0.00049103 -1.50000 10.07918 0.8095851541 2.4220309870    0.742  1.739  3.7854  2.663    4  0.000  0.525     0.00     0.00     0.00     0.00     0.00 -1    -1e-30      0.00 7.422e-01 2.573e-01 8.499e-05 2.500e-05 2.160e-04 -1.000 4.941e-04 0.423 1.235 0.629 0.370 0.313 0.306 0.311
0.00049103 -1.50000 10.07918 0.8096085191 2.4220389372    0.742  1.739  3.7859  2.665    4  0.000  0.525     0.00     0.00     0.00     0.00     0.00 -1    -1e-30      0.00 7.422e-01 2.573e-01 8.499e-05 2.500e-05 2.160e-04 -1.000 4.941e-04 0.423 1.232 0.628 0.371 0.314 0.308 0.313
0.00049103 -1.50000 10.07918 0.8096206188 2.4220430541    0.742  1.739  3.7860  2.666    4  0.000  0.525     0.00     0.00     0.00     0.00     0.00 -1    -1e-30      0.00 7.422e-01 2.573e-01 8.499e-05 2.500e-05 2.160e-04 -1.000 4.941e-04 0.423 1.232 0.628 0.370 0.314 0.308 0.313
0.00049103 -1.50000 10.07918 0.8096739054 2.4220611828    0.742  1.739  3.7863  2.666    4  0.000  0.525     0.00     0.00     0.00     0.00     0.00 -1    -1e-30      0.00 7.422e-01 2.573e-01 8.499e-05 2.500e-05 2.160e-04 -1.000 4.941e-04 0.422 1.229 0.626 0.370 0.314 0.308 0.313
0.00049103 -1.50000 10.07918 0.8097278476 2.4220795318    0.742  1.740  3.7861  2.665    4  0.000  0.525     0.00     0.00     0.00     0.00     0.00 -1    -1e-30      0.00 7.422e-01 2.573e-01 8.499e-05 2.500e-05 2.160e-04 -1.000 4.941e-04 0.420 1.228 0.625 0.368 0.312 0.306 0.311
0.00049103 -1.50000 10.07918 0.8097808957 2.4220975739    0.742  1.741  3.7855  2.662    4  0.000  0.525     0.00     0.00     0.00     0.00     0.00 -1    -1e-30      0.00 7.422e-01 2.573e-01 8.499e-05 2.500e-05 2.160e-04 -1.000 4.941e-04 0.418 1.230 0.624 0.365 0.308 0.301 0.307
0.00049103 -1.50000 10.07918 0.8098331094 2.4221153295    0.742  1.742  3.7843  2.656    4  0.000  0.525     0.00     0.00     0.00     0.00     0.00 -1    -1e-30      0.00 7.422e-01 2.573e-01 8.499e-05 2.500e-05 2.160e-04 -1.000 4.941e-04 0.414 1.232 0.625 0.361 0.302 0.294 0.299
0.00049103 -1.50000 10.07918 0.8098851442 2.4221330217    0.743  1.744  3.7827  2.647    4  0.000  0.525     0.00     0.00     0.00     0.00     0.00 -1    -1e-30      0.00 7.422e-01 2.573e-01 8.499e-05 2.500e-05 2.160e-04 -1.000 4.941e-04 0.409 1.237 0.626 0.356 0.294 0.285 0.289
0.00049103 -1.50000 10.07918 0.8099367619 2.4221505695    0.743  1.747  3.7806  2.637    4  0.000  0.525     0.00     0.00     0.00     0.00     0.00 -1    -1e-30      0.00 7.422e-01 2.573e-01 8.499e-05 2.500e-05 2.160e-04 -1.000 4.941e-04 0.403 1.242 0.627 0.350 0.284 0.274 0.277
0.00049103 -1.50000 10.07918 0.8099884987 2.4221681552    0.743  1.749  3.7783  2.625    4  0.000  0.525     0.00     0.00     0.00     0.00     0.00 -1    -1e-30      0.00 7.422e-01 2.573e-01 8.499e-05 2.500e-05 2.160e-04 -1.000 4.941e-04 0.397 1.250 0.628 0.343 0.273 0.261 0.263
0.00049103 -1.50000 10.07918 0.8099933863 2.4221698164    0.743  1.750  3.7781  2.624    4  0.000  0.525     0.00     0.00     0.00     0.00     0.00 -1    -1e-30      0.00 7.422e-01 2.573e-01 8.499e-05 2.500e-05 2.160e-04 -1.000 4.941e-04 0.396 1.251 0.629 0.343 0.272 0.259 0.262
0.00049103 -1.50000 10.07918 0.8100014329 2.4221725512    0.743  1.750  3.7777  2.621    4  0.000  0.525     0.00     0.00     0.00     0.00     0.00 -1    -1e-30      0.00 7.422e-01 2.573e-01 8.499e-05 2.500e-05 2.160e-04 -1.000 4.941e-04 0.395 1.252 0.629 0.341 0.270 0.257 0.259
0.00049103 -1.50000 10.07918 0.8100488782 2.4221886754    0.743  1.753  3.7754  2.609    4  0.000  0.525     0.00     0.00     0.00     0.00     0.00 -1    -1e-30      0.00 7.422e-01 2.573e-01 8.499e-05 2.500e-05 2.160e-04 -1.000 4.942e-04 0.387 1.260 0.629 0.334 0.258 0.243 0.244
0.00049103 -1.50000 10.07918 0.8100950718 2.4222043720    0.743  1.757  3.7729  2.596    4  0.000  0.525     0.00     0.00     0.00     0.00     0.00 -1    -1e-30      0.00 7.422e-01 2.573e-01 8.499e-05 2.500e-05 2.160e-04 -1.000 4.941e-04 0.378 1.267 0.630 0.325 0.245 0.227 0.227
0.00049103 -1.50000 10.07918 0.8101445436 2.4222211804    0.743  1.761  3.7702  2.580    4  0.000  0.525     0.00     0.00     0.00     0.00     0.00 -1    -1e-30      0.00 7.422e-01 2.573e-01 8.499e-05 2.500e-05 2.160e-04 -1.000 4.941e-04 0.367 1.275 0.629 0.314 0.229 0.208 0.208
0.00049103 -1.50000 10.07918 0.8101915717 2.4222371562    0.743  1.766  3.7676  2.565    4  0.000  0.525     0.00     0.00     0.00     0.00     0.00 -1    -1e-30      0.00 7.422e-01 2.573e-01 8.499e-05 2.500e-05 2.160e-04 -1.000 4.941e-04 0.355 1.281 0.627 0.302 0.213 0.190 0.188
0.00049103 -1.50000 10.07918 0.8102366328 2.4222524619    0.743  1.771  3.7652  2.551    4  0.000  0.525     0.00     0.00     0.00     0.00     0.00 -1    -1e-30      0.00 7.422e-01 2.573e-01 8.499e-05 2.500e-05 2.160e-04 -1.000 4.941e-04 0.343 1.284 0.623 0.290 0.197 0.172 0.169
0.00049103 -1.50000 10.07918 0.8102831244 2.4222682514    0.743  1.776  3.7629  2.536    4  0.000  0.525     0.00     0.00     0.00     0.00     0.00 -1    -1e-30      0.00 7.422e-01 2.573e-01 8.499e-05 2.500e-05 2.160e-04 -1.000 4.941e-04 0.330 1.287 0.619 0.277 0.180 0.152 0.149
0.00049103 -1.50000 10.07918 0.8103287220 2.4222837352    0.743  1.782  3.7607  2.522    4  0.000  0.525     0.00     0.00     0.00     0.00     0.00 -1    -1e-30      0.00 7.422e-01 2.573e-01 8.499e-05 2.500e-05 2.160e-04 -1.000 4.941e-04 0.316 1.287 0.613 0.264 0.163 0.133 0.128
0.00049103 -1.50000 10.07918 0.8103747964 2.4222993789    0.743  1.787  3.7588  2.509    4  0.000  0.525     0.00     0.00     0.00     0.00     0.00 -1    -1e-30      0.00 7.422e-01 2.573e-01 8.499e-05 2.500e-05 2.160e-04 -1.000 4.941e-04 0.302 1.287 0.606 0.250 0.146 0.114 0.109
0.00049103 -1.50000 10.07918 0.8104209304 2.4223150408    0.743  1.794  3.7569  2.495    4  0.000  0.525     0.00     0.00     0.00     0.00     0.00 -1    -1e-30      0.00 7.422e-01 2.573e-01 8.499e-05 2.500e-05 2.160e-04 -1.000 4.941e-04 0.286 1.286 0.598 0.235 0.127 0.093 0.087
0.00049103 -1.50000 10.07918 0.8104673028 2.4223307816    0.743  1.801  3.7548  2.479    4  0.000  0.525     0.00     0.00     0.00     0.00     0.00 -1    -1e-30      0.00 7.422e-01 2.573e-01 8.499e-05 2.500e-05 2.160e-04 -1.000 4.941e-04 0.267 1.284 0.587 0.216 0.105 0.069 0.062
0.00049103 -1.50000 10.07918 0.8104766011 2.4223339376    0.743  1.803  3.7545  2.476    4  0.000  0.525     0.00     0.00     0.00     0.00     0.00 -1    -1e-30      0.00 7.422e-01 2.573e-01 8.499e-05 2.500e-05 2.160e-04 -1.000 4.941e-04 0.264 1.283 0.585 0.212 0.101 0.064 0.057
0.00049103 -1.50000 10.07918 0.8105241656 2.4223500805    0.743  1.813  3.7519  2.456    4  0.000  0.525     0.00     0.00     0.00     0.00     0.00 -1    -1e-30      0.00 7.422e-01 2.573e-01 8.499e-05 2.500e-05 2.160e-04 -1.000 4.941e-04 0.238 1.277 0.569 0.187 0.071 0.032 0.024
0.00049103 -1.50000 10.07918 0.8105710745 2.4223659987    0.743  1.827  3.7486  2.428    4  0.000  0.525     0.00     0.00     0.00     0.00     0.00 -1    -1e-30      0.00 7.422e-01 2.573e-01 8.499e-05 2.500e-05 2.160e-04 -1.000 4.941e-04 0.202 1.266 0.546 0.151 0.030 -0.013 -0.022
0.00049103 -1.50000 10.07918 0.8106105328 2.4223793869    0.743  1.859  3.7425  2.372    4  0.000  0.525     0.00     0.00     0.00     0.00     0.00 -1    -1e-30      0.00 7.422e-01 2.573e-01 8.499e-05 2.500e-05 2.160e-04 -1.000 4.941e-04 0.123 1.238 0.492 0.075 -0.057 -0.106 -0.118
0.00049103 -1.50000 10.07918 0.8106318712 2.4223866265    0.743  1.899  3.7355  2.304    4  0.000  0.525     0.00     0.00     0.00     0.00     0.00 -1    -1e-30      0.00 7.422e-01 2.573e-01 8.499e-05 2.500e-05 2.160e-04 -1.000 4.941e-04 0.023 1.199 0.418 -0.024 -0.168 -0.224 -0.239
0.00049103 -1.50000 10.07918 0.8106415272 2.4223899023    0.743  1.941  3.7292  2.237    4  0.000  0.525     0.00     0.00     0.00     0.00     0.00 -1    -1e-30      0.00 7.422e-01 2.573e-01 8.499e-05 2.500e-05 2.160e-04 -1.000 4.941e-04 -0.083 1.154 0.339 -0.128 -0.282 -0.345 -0.363
0.00049103 -1.50000 10.07918 0.8106458783 2.4223913785    0.743  1.983  3.7238  2.174    4  0.000  0.525     0.00     0.00     0.00     0.00     0.00 -1    -1e-30      0.00 7.422e-01 2.573e-01 8.499e-05 2.500e-05 2.160e-04 -1.000 4.941e-04 -0.187 1.106 0.259 -0.229 -0.392 -0.461 -0.482
0.00049103 -1.50000 10.07918 0.8106478453 2.4223920458    0.743  2.020  3.7195  2.119    4  0.000  0.525     0.00     0.00     0.00     0.00     0.00 -1    -1e-30      0.00 7.422e-01 2.573e-01 8.499e-05 2.500e-05 2.160e-04 -1.000 4.941e-04 -0.280 1.057 0.184 -0.321 -0.491 -0.565 -0.588
0.00049103 -1.50000 10.07918 0.8106486797 2.4223923288    0.743  2.042  3.7172  2.088    4  0.000  0.525     0.00     0.00     0.00     0.00     0.00 -1    -1e-30      0.00 7.422e-01 2.573e-01 8.499e-05 2.500e-05 2.160e-04 -1.000 4.941e-04 -0.335 1.029 0.141 -0.374 -0.548 -0.625 -0.649
0.00049103 -1.50000 10.07918 0.8106487393 2.4223923491    0.743  2.043  3.7172  2.087    7  0.000  0.525     0.00     0.00     0.00     0.00     0.00 -1    -1e-30      0.00 7.422e-01 2.573e-01 8.499e-05 2.500e-05 2.160e-04 -1.000 4.941e-04 -0.337 1.028 0.139 -0.375 -0.550 -0.626 -0.650
0.00049103 -1.50000 10.07918 0.8106498122 2.4223927130    0.743  2.084  3.7135  2.032    7  0.000  0.525     0.00     0.00     0.00     0.00     0.00 -1    -1e-30      0.00 7.422e-01 2.573e-01 8.499e-05 2.500e-05 2.160e-04 -1.000 4.941e-04 -0.439 0.969 0.055 -0.475 -0.656 -0.736 -0.762
0.00049103 -1.50000 10.07918 0.8106508255 2.4223930568    0.743  2.120  3.7104  1.983    7  0.000  0.525     0.00     0.00     0.00     0.00     0.00 -1    -1e-30      0.00 7.422e-01 2.573e-01 8.499e-05 2.500e-05 2.160e-04 -1.000 4.941e-04 -0.529 0.916 -0.019 -0.563 -0.749 -0.833 -0.861
0.00049103 -1.50000 10.07918 0.8106517196 2.4223933601    0.743  2.143  3.7085  1.953    7  0.000  0.525     0.00     0.00     0.00     0.00     0.00 -1    -1e-30      0.00 7.422e-01 2.573e-01 8.499e-05 2.500e-05 2.160e-04 -1.000 4.941e-04 -0.587 0.883 -0.067 -0.619 -0.808 -0.895 -0.924
0.00049103 -1.50000 10.07918 0.8106526732 2.4223936836    0.743  2.162  3.7071  1.928    7  0.000  0.525     0.00     0.00     0.00     0.00     0.00 -1    -1e-30      0.00 7.422e-01 2.573e-01 8.499e-05 2.500e-05 2.160e-04 -1.000 4.941e-04 -0.634 0.856 -0.106 -0.665 -0.857 -0.945 -0.975
0.00049103 -1.50000 10.07918 0.8106541634 2.4223941891    0.743  2.164  3.7069  1.924    7  0.000  0.525     0.00     0.00     0.00     0.00     0.00 -1    -1e-30      0.00 7.422e-01 2.573e-01 8.499e-05 2.500e-05 2.160e-04 -1.000 4.942e-04 -0.641 0.852 -0.113 -0.672 -0.864 -0.953 -0.983
0.00049103 -1.50000 10.07918 0.8106567860 2.4223950788    0.743  2.160  3.7073  1.931    7  0.000  0.525     0.00     0.00     0.00     0.00     0.00 -1    -1e-30      0.00 7.422e-01 2.573e-01 8.499e-05 2.500e-05 2.160e-04 -1.000 4.941e-04 -0.629 0.858 -0.103 -0.660 -0.852 -0.941 -0.970
0.00049103 -1.50000 10.07918 0.8106613159 2.4223966155    0.743  2.152  3.7080  1.941    7  0.000  0.525     0.00     0.00     0.00     0.00     0.00 -1    -1e-30      0.00 7.422e-01 2.573e-01 8.499e-05 2.500e-05 2.160e-04 -1.000 4.941e-04 -0.609 0.869 -0.087 -0.641 -0.832 -0.919 -0.948
0.00049103 -1.50000 10.07918 0.8106883168 2.4224057748    0.743  2.162  3.7069  1.927    7  0.000  0.525     0.00     0.00     0.00     0.00     0.00 -1    -1e-30      0.00 7.422e-01 2.573e-01 8.499e-05 2.500e-05 2.160e-04 -1.000 4.941e-04 -0.634 0.858 -0.106 -0.665 -0.857 -0.946 -0.976
0.00049103 -1.50000 10.07918 0.8107047677 2.4224113549    0.743  2.175  3.7057  1.909    7  0.000  0.525     0.00     0.00     0.00     0.00     0.00 -1    -1e-30      0.00 7.422e-01 2.573e-01 8.499e-05 2.500e-05 2.160e-04 -1.000 4.941e-04 -0.667 0.842 -0.132 -0.696 -0.891 -0.981 -1.012
0.00049103 -1.50000 10.07918 0.8107247353 2.4224181276    0.743  2.216  3.7023  1.854    7  0.000  0.525     0.00     0.00     0.00     0.00     0.00 -1    -1e-30      0.00 7.422e-01 2.573e-01 8.499e-05 2.500e-05 2.160e-04 -1.000 4.941e-04 -0.770 0.787 -0.215 -0.796 -0.997 -1.091 -1.123
0.00049103 -1.50000 10.07918 0.8107450604 2.4224250211    0.743  2.258  3.6989  1.799    7  0.000  0.525     0.00     0.00     0.00     0.00     0.00 -1    -1e-30      0.00 7.422e-01 2.573e-01 8.499e-05 2.500e-05 2.160e-04 -1.000 4.941e-04 -0.876 0.729 -0.302 -0.898 -1.105 -1.204 -1.238
0.00049103 -1.50000 10.07918 0.8107632995 2.4224312068    0.743  2.301  3.6957  1.743    7  0.000  0.525     0.00     0.00     0.00     0.00     0.00 -1    -1e-30      0.00 7.422e-01 2.573e-01 8.499e-05 2.500e-05 2.160e-04 -1.000 4.941e-04 -0.982 0.673 -0.388 -0.999 -1.212 -1.315 -1.351
0.00049103 -1.50000 10.07918 0.8107795119 2.4224367049    0.744  2.343  3.6925  1.689    7  0.000  0.525     0.00     0.00     0.00     0.00     0.00 -1    -1e-30      0.00 7.422e-01 2.573e-01 8.498e-05 2.500e-05 2.160e-04 -1.000 4.937e-04 -1.087 0.617 -0.474 -1.100 -1.320 -1.427 -1.464
0.00049103 -1.50000 10.07918 0.8107938170 2.4224415559    0.744  2.385  3.6894  1.634    7  0.000  0.525     0.00     0.00     0.00     0.00     0.00 -1    -1e-30      0.00 7.422e-01 2.573e-01 8.498e-05 2.500e-05 2.160e-04 -1.000 4.935e-04 -1.192 0.562 -0.558 -1.200 -1.425 -1.537 -1.576
0.00049103 -1.50000 10.07918 0.8108063936 2.4224458207    0.744  2.427  3.6863  1.580    7  0.000  0.524     0.00     0.00     0.00     0.00     0.00 -1    -1e-30      0.00 7.422e-01 2.573e-01 8.494e-05 2.501e-05 2.160e-04 -1.000 4.934e-04 -1.297 0.510 -0.641 -1.299 -1.530 -1.646 -1.687
0.00049103 -1.50000 10.07918 0.8108174801 2.4224495800    0.744  2.468  3.6832  1.526    7  0.000  0.523     0.00     0.00     0.00     0.00     0.00 -1    -1e-30      0.00 7.422e-01 2.573e-01 8.477e-05 2.507e-05 2.160e-04 -1.000 4.935e-04 -1.401 0.474 -0.722 -1.400 -1.637 -1.756 -1.799
0.00049103 -1.50000 10.07918 0.8108276129 2.4224530158    0.744  2.511  3.6801  1.471    7  0.000  0.520     6.95     5.52     3.91     3.03     2.45  3    -1e-30      0.00 7.422e-01 2.573e-01 8.421e-05 2.544e-05 2.160e-04 -1.000 4.941e-04 -1.506 0.446 -0.803 -1.503 -1.746 -1.869 -1.914
0.00049103 -1.50000 10.07918 0.8108369112 2.4224561685    0.744  2.553  3.6769  1.416    7  0.000  0.512     7.82     6.10     4.31     3.34     2.70  3    -1e-30      0.00 7.422e-01 2.573e-01 8.296e-05 2.665e-05 2.160e-04 -1.000 4.940e-04 -1.612 0.427 -0.880 -1.606 -1.854 -1.982 -2.029
0.00049103 -1.50000 10.07918 0.8108454943 2.4224590787    0.744  2.596  3.6736  1.360    7  0.000  0.500     8.81     6.75     4.74     3.69     2.98  3    -1e-30      0.00 7.422e-01 2.573e-01 8.104e-05 2.885e-05 2.160e-04 -1.000 4.942e-04 -1.720 0.415 -0.955 -1.709 -1.965 -2.097 -2.146
0.00049103 -1.50000 10.07918 0.8108535409 2.4224618070    0.744  2.640  3.6703  1.303    7  0.000  0.488     9.94     7.48     5.23     4.07     3.30  3    -1e-30      0.00 7.422e-01 2.573e-01 7.905e-05 3.128e-05 2.160e-04 -1.000 4.934e-04 -1.829 0.411 -1.029 -1.814 -2.077 -2.213 -2.264
0.00049103 -1.50000 10.07918 0.8108612299 2.4224644139    0.744  2.683  3.6669  1.246    7  0.000  0.477    11.23     8.30     5.78     4.50     3.65  2    -1e-30      0.00 7.421e-01 2.574e-01 7.725e-05 3.347e-05 2.159e-04 -1.000 4.940e-04 -1.938 0.416 -1.099 -1.917 -2.188 -2.329 -2.383
0.00049103 -1.50000 10.07918 0.8108685613 2.4224668995    0.744  2.727  3.6635  1.188    7  0.000  0.467    12.69     9.21     6.38     4.98     4.03  2    -1e-30      0.00 7.421e-01 2.574e-01 7.571e-05 3.536e-05 2.159e-04 -1.000 4.942e-04 -2.047 0.429 -1.166 -2.019 -2.298 -2.444 -2.500
0.00049103 -1.50000 10.07918 0.8108755946 2.4224692840    0.744  2.770  3.6601  1.132    7  0.000  0.460    14.31    10.20     7.03     5.50     4.45  2    -1e-30      0.00 7.420e-01 2.575e-01 7.443e-05 3.693e-05 2.159e-04 -1.000 4.941e-04 -2.155 0.450 -1.229 -2.120 -2.407 -2.558 -2.617
0.00049103 -1.50000 10.07918 0.8108819127 2.4224714260    0.744  2.812  3.6567  1.076    7  0.000  0.453    16.12    11.28     7.74     6.06     4.91  2    -1e-30      0.00 7.420e-01 2.576e-01 7.331e-05 3.830e-05 2.159e-04 -1.000 4.940e-04 -2.261 0.468 -1.288 -2.215 -2.511 -2.667 -2.729
0.00049103 -1.50000 10.07918 0.8108872175 2.4224732244    0.744  2.851  3.6536  1.024    7  0.000  0.447    17.99    12.38     8.47     6.64     5.38  2    -1e-30      0.00 7.419e-01 2.576e-01 7.241e-05 3.941e-05 2.158e-04 -1.000 4.941e-04 -2.358 0.463 -1.346 -2.300 -2.605 -2.766 -2.830
0.00049103 -1.50000 10.07918 0.8108916879 2.4224747399    0.744  2.890  3.6504  0.973    7  0.000  0.443    20.05    13.58     9.24     7.26     5.88  2    -1e-30      0.00 7.417e-01 2.578e-01 7.163e-05 4.037e-05 2.157e-04 -1.000 4.940e-04 -2.455 0.465 -1.401 -2.383 -2.697 -2.864 -2.930
0.00049103 -1.50000 10.07918 0.8108954430 2.4224760130    0.744  2.930  3.6472  0.920    7  0.000  0.438    22.44    14.95    10.13     7.97     6.46  2    -1e-30      0.00 7.416e-01 2.579e-01 7.092e-05 4.125e-05 2.156e-04 -1.000 4.934e-04 -2.554 0.474 -1.453 -2.467 -2.791 -2.964 -3.034
0.00049103 -1.50000 10.07918 0.8108990788 2.4224772455    0.744  2.975  3.6434  0.860    7  0.000  0.435    25.51    16.67    11.24     8.85     7.18  1    -1e-30      0.00 7.415e-01 2.580e-01 7.025e-05 4.211e-05 2.154e-04 -1.000 4.941e-04 -2.667 0.484 -1.511 -2.561 -2.897 -3.077 -3.150
0.00049103 -1.50000 10.07918 0.8109026551 2.4224784579    0.744  3.023  3.6394  0.796    7  0.000  0.432    29.21    18.70    12.55     9.90     8.03  1    -1e-30      0.00 7.414e-01 2.581e-01 6.972e-05 4.280e-05 2.152e-04 -1.000 4.942e-04 -2.787 0.497 -1.572 -2.660 -3.009 -3.197 -3.273
0.00049103 -1.50000 10.07918 0.8109059334 2.4224795692    0.744  3.074  3.6351  0.728    7  0.000  0.430    33.78    21.16    14.12    11.16     9.05  1    -1e-30      0.00 7.412e-01 2.583e-01 6.930e-05 4.340e-05 2.150e-04 -1.000 4.940e-04 -2.914 0.515 -1.630 -2.763 -3.126 -3.323 -3.403
0.00049103 -1.50000 10.07918 0.8109070659 2.4224799532    0.744  3.105  3.6324  0.686    7  0.000  0.429    36.96    22.84    15.19    12.02     9.75  1    -1e-30      0.00 7.412e-01 2.583e-01 6.914e-05 4.364e-05 2.149e-04 -1.000 4.940e-04 -2.993 0.529 -1.663 -2.825 -3.197 -3.400 -3.482
0.00049103 -1.50000 10.07918 0.8109072447 2.4224800138    0.744  3.111  3.6319  0.678    7  0.000  0.429    37.59    23.17    15.40    12.18     9.89  1    -1e-30      0.00 7.412e-01 2.583e-01 6.911e-05 4.369e-05 2.149e-04 -1.000 4.941e-04 -3.007 0.532 -1.669 -2.836 -3.211 -3.414 -3.497
0.00049103 -1.50000 10.07918 0.8109076023 2.4224801350    0.744  3.122  3.6309  0.662    7  0.000  0.428    38.85    23.83    15.82    12.52    10.16  1    -1e-30      0.00 7.412e-01 2.583e-01 6.903e-05 4.383e-05 2.148e-04 -1.000 4.941e-04 -3.036 0.537 -1.682 -2.859 -3.237 -3.442 -3.526
0.00049103 -1.50000 10.07918 0.8109080195 2.4224802764    0.744  3.147  3.6287  0.629    7  0.000  0.427    41.69    25.30    16.75    13.27    10.77  1    -1e-30      0.00 7.411e-01 2.584e-01 6.865e-05 4.450e-05 2.145e-04 -1.000 4.941e-04 -3.098 0.547 -1.707 -2.907 -3.292 -3.502 -3.588
0.00049103 -1.50000 10.07918 0.8109082580 2.4224803573    0.744  3.167  3.6269  0.602    7  0.548  0.425    44.19    26.58    17.56    13.92    11.30  1    -1e-30      0.00 7.409e-01 2.586e-01 6.825e-05 4.524e-05 2.140e-04 -1.000 4.941e-04 -3.148 0.556 -1.727 -2.945 -3.337 -3.551 -3.638
0.00049103 -1.50000 10.07918 0.8109083176 2.4224803775    0.744  3.410  3.6097  0.290    8  0.548  0.391    85.85    46.73    30.09    24.06    19.56  1 -1.26e-06      0.00 7.294e-01 2.702e-01 6.302e-05 5.854e-05 2.150e-04 -1.000 3.650e-04 -3.756 0.543 -1.972 -3.413 -3.884 -4.141 -4.245
0.00049103 -1.50000 10.07918 0.8109083772 2.4224803977    0.743  3.263  3.6193  0.475    8  0.548  0.391    57.82    33.40    21.84    17.37    14.11  1 -6.42e-07      0.00 7.294e-01 2.702e-01 6.302e-05 5.854e-05 2.150e-04 -1.000 3.650e-04 -3.387 0.578 -1.826 -3.131 -3.552 -3.783 -3.877
0.00049103 -1.50000 10.07918 0.8109084368 2.4224804179    0.743  3.119  3.6323  0.671    8  0.549  0.391    38.11    23.44    15.57    12.32    10.00  1 -3.26e-07      0.00 7.294e-01 2.702e-01 6.302e-05 5.854e-05 2.150e-04 -1.000 3.650e-04 -3.027 0.507 -1.693 -2.858 -3.232 -3.435 -3.517
0.00049103 -1.50000 10.07918 0.8109086156 2.4224804785    0.742  2.926  3.6498  0.933    8  0.549  0.391    21.81    14.59     9.90     7.78     6.31  2 -1.27e-07      0.00 7.294e-01 2.702e-01 6.302e-05 5.854e-05 2.150e-04 -1.000 3.651e-04 -2.545 0.418 -1.475 -2.470 -2.788 -2.956 -3.024
0.00049103 -1.50000 10.07918 0.8109087944 2.4224805391    0.740  2.932  3.6492  0.924    8  0.549  0.391    22.24    14.83    10.06     7.91     6.41  2 -1.32e-07      0.00 7.294e-01 2.702e-01 6.302e-05 5.854e-05 2.150e-04 -1.000 3.650e-04 -2.561 0.422 -1.482 -2.483 -2.802 -2.972 -3.040
0.00049103 -1.50000 10.07918 0.8109090924 2.4224806401    0.739  3.030  3.6403  0.790    8  0.549  0.391    29.59    18.90    12.67    10.00     8.11  1 -2.16e-07      0.00 7.294e-01 2.702e-01 6.302e-05 5.854e-05 2.150e-04 -1.000 3.651e-04 -2.805 0.465 -1.598 -2.683 -3.030 -3.216 -3.292
0.00049103 -1.50000 10.07918 0.8109093904 2.4224807412    0.736  3.181  3.6265  0.582    8  0.549  0.391    46.01    27.49    18.12    14.38    11.68  1 -4.51e-07      0.00 7.294e-01 2.702e-01 6.302e-05 5.854e-05 2.150e-04 -1.000 3.650e-04 -3.183 0.546 -1.751 -2.977 -3.371 -3.586 -3.674
0.00049103 -1.50000 10.07918 0.8109098077 2.4224808826    0.734  3.311  3.6147  0.403    8  0.550  0.391    67.27    37.94    24.65    19.66    15.97  1 -8.37e-07      0.00 7.294e-01 2.702e-01 6.302e-05 5.854e-05 2.150e-04 -1.000 3.650e-04 -3.507 0.607 -1.849 -3.212 -3.655 -3.897 -3.996
0.00049103 -1.50000 10.07918 0.8109102249 2.4224810241    0.731  3.396  3.6068  0.285    8  0.550  0.391    86.52    46.95    30.21    24.18    19.65  1 -1.25e-06      0.00 7.294e-01 2.702e-01 6.302e-05 5.854e-05 2.150e-04 -1.000 3.650e-04 -3.721 0.636 -1.892 -3.355 -3.836 -4.099 -4.206
0.00049103 -1.50000 10.07918 0.8109107614 2.4224812059    0.728  3.443  3.6025  0.218    8  0.551  0.391    99.59    52.87    33.84    27.13    22.05  1 -1.58e-06      0.00 7.294e-01 2.702e-01 6.302e-05 5.854e-05 2.150e-04 -1.000 3.650e-04 -3.839 0.650 -1.911 -3.430 -3.934 -4.209 -4.320
0.00049103 -1.50000 10.07918 0.8109112978 2.4224813878    0.724  3.468  3.6002  0.183    8  0.551  0.391   107.39    56.33    35.95    28.85    23.46  1 -1.79e-06      0.00 7.294e-01 2.702e-01 6.302e-05 5.854e-05 2.150e-04 -1.000 3.650e-04 -3.899 0.659 -1.918 -3.469 -3.984 -4.266 -4.379
0.00049103 -1.50000 10.07918 0.8109118938 2.4224815898    0.720  3.483  3.5987  0.158    8  0.552  0.391   112.96    58.76    37.42    30.06    24.44  1 -1.95e-06      0.00 7.294e-01 2.702e-01 6.302e-05 5.854e-05 2.150e-04 -1.000 3.650e-04 -3.939 0.665 -1.920 -3.492 -4.016 -4.301 -4.417
0.00049103 -1.50000 10.07918 0.8109142184 2.4224823778    0.553 -9.999  4.0000  1.708    9  0.554  0.000     0.00     0.00     0.00     0.00     0.00 -1    -1e-30      0.00 7.294e-01 2.702e-01 6.302e-05 5.854e-05 2.150e-04 -1.000 3.650e-04 29.767 30.100 29.963 30.240 30.469 30.550 30.639
#isochrone terminated
