# File generated by CMD 3.7 (http://stev.oapd.inaf.it/cmd) on Thu Feb  1 19:54:59 UTC 2024
# isochrones based on PARSEC release v1.2S +  COLIBRI S_37 + S_35 + PR16
# Basic references: Bressan et al. (2012), MNRAS, 427, 127 + Chen et al. (2014, 2015), MNRAS, 444, 2525 + MNRAS, 452, 1068 + Tang et al. (2014), MNRAS, 445, 4287 + Marigo et al. (2017), ApJ, 835, 77 + Pastorelli al. (2019), MNRAS, 485, 5666 + Pastorelli al. (2020), MNRAS, in press
# Thermal pulse cycles included 
# On RGB, assumed Reimers mass loss with efficiency eta=0.2
# LPV periods and growth rates added cf. Trabucchi et al. (2019)
# but fundamental-mode LPV periods are from Trabucchi et al. (2021)
# Photometric system: DECAM (ABmags)
# Using YBC version of bolometric corrections as in Chen et al. (2019)
# O-rich circumstellar dpmod60alox40 dust from Groenewegen (2006)
# C-rich circumstellar AMCSIC15 dust from Groenewegen (2006)
# IMF: Kroupa (2001, 2002) + Kroupa et al. (2013) canonical two-part-power law IMF corrected for unresolved binaries 
# Kind of output: isochrone tables
# Zini     MH   logAge Mini        int_IMF         Mass   logL    logTe  logg  label   McoreTP C_O  period0  period1  period2  period3  period4  pmode  Mloss  tau1m   X   Y   Xc  Xn  Xo  Cexcess  Z 	 mbolmag  umag    gmag    rmag    imag    zmag    Ymag
0.00061788 -1.40000 10.07918 0.0899999961 1.0816895212    0.090 -3.191  3.4693  5.413    1  0.000  0.545     0.00     0.00     0.00     0.00     0.00 -1  -5.3e-17      0.00 7.476e-01 2.518e-01 1.174e-04 3.167e-05 2.872e-04 -1.000 6.528e-04 12.748 17.921 16.357 14.454 12.685 12.104 11.991
0.00061788 -1.40000 10.07918 0.0979108885 1.1534145244    0.098 -2.969  3.5009  5.354    1  0.000  0.545     0.00     0.00     0.00     0.00     0.00 -1 -9.07e-17      0.00 7.463e-01 2.531e-01 1.174e-04 3.167e-05 2.872e-04 -1.000 6.528e-04 12.194 17.212 15.152 13.343 12.060 11.603 11.490
0.00061788 -1.40000 10.07918 0.0999999940 1.1711063499    0.100 -2.914  3.5089  5.339    1  0.000  0.545     0.00     0.00     0.00     0.00     0.00 -1 -1.04e-16      0.00 7.459e-01 2.534e-01 1.174e-04 3.167e-05 2.872e-04 -1.000 6.527e-04 12.055 16.996 14.863 13.087 11.907 11.476 11.363
0.00061788 -1.40000 10.07918 0.1199999973 1.3193154249    0.120 -2.629  3.5405  5.260    1  0.000  0.545     0.00     0.00     0.00     0.00     0.00 -1    -2e-16      0.00 7.434e-01 2.559e-01 1.174e-04 3.167e-05 2.872e-04 -1.000 6.527e-04 11.342 15.830 13.604 11.986 11.151 10.804 10.698
0.00061788 -1.40000 10.07918 0.1333705634 1.4015527516    0.133 -2.504  3.5512  5.224    1  0.000  0.545     0.00     0.00     0.00     0.00     0.00 -1 -2.63e-16      0.00 7.421e-01 2.572e-01 1.174e-04 3.167e-05 2.872e-04 -1.000 6.528e-04 11.031 15.325 13.129 11.570 10.828 10.505 10.402
0.00061788 -1.40000 10.07918 0.1400000006 1.4384526719    0.140 -2.447  3.5561  5.208    1  0.000  0.545     0.00     0.00     0.00     0.00     0.00 -1 -2.99e-16      0.00 7.415e-01 2.578e-01 1.174e-04 3.167e-05 2.872e-04 -1.000 6.527e-04 10.888 15.089 12.914 11.384 10.681 10.367 10.266
0.00061788 -1.40000 10.07918 0.1599999964 1.5372931554    0.160 -2.306  3.5664  5.165    1  0.000  0.545     0.00     0.00     0.00     0.00     0.00 -1 -4.06e-16      0.00 7.402e-01 2.592e-01 1.174e-04 3.167e-05 2.872e-04 -1.000 6.528e-04 10.534 14.532 12.416 10.946 10.319 10.025 9.927
0.00061788 -1.40000 10.07918 0.2000000179 1.6938791367    0.200 -2.084  3.5799  5.095    1  0.000  0.545     0.00     0.00     0.00     0.00     0.00 -1 -5.43e-16      0.00 7.389e-01 2.604e-01 1.174e-04 3.167e-05 2.872e-04 -1.000 6.527e-04 9.980 13.713 11.685 10.302 9.755 9.485 9.393
0.00061788 -1.40000 10.07918 0.2500000000 1.8403257998    0.250 -1.880  3.5910  5.032    1  0.000  0.545     0.00     0.00     0.00     0.00     0.00 -1 -3.23e-16      0.00 7.388e-01 2.605e-01 1.174e-04 3.167e-05 2.872e-04 -1.000 6.527e-04 9.470 12.979 11.039 9.734 9.239 8.986 8.899
0.00061788 -1.40000 10.07918 0.3000000417 1.9529140366    0.300 -1.724  3.5995  4.990    1  0.000  0.545     0.00     0.00     0.00     0.00     0.00 -1 -2.34e-16      0.00 7.390e-01 2.603e-01 1.173e-04 3.167e-05 2.872e-04 -1.000 6.528e-04 9.081 12.433 10.552 9.307 8.844 8.605 8.522
0.00061788 -1.40000 10.07918 0.3499999940 2.0434174644    0.350 -1.598  3.6068  4.960    1  0.000  0.545     0.00     0.00     0.00     0.00     0.00 -1 -1.78e-15      0.00 7.419e-01 2.575e-01 1.173e-04 3.167e-05 2.872e-04 -1.000 6.527e-04 8.765 11.992 10.158 8.963 8.523 8.295 8.216
0.00061788 -1.40000 10.07918 0.3999999762 2.1185023988    0.400 -1.453  3.6181  4.917    1  0.000  0.545     0.00     0.00     0.00     0.00     0.00 -1 -2.44e-15      0.00 7.499e-01 2.495e-01 1.174e-04 3.167e-05 2.872e-04 -1.000 6.528e-04 8.401 11.443 9.677 8.558 8.152 7.942 7.868
0.00061788 -1.40000 10.07918 0.4499999881 2.1822809009    0.450 -1.277  3.6366  4.866    1  0.000  0.545     0.00     0.00     0.00     0.00     0.00 -1 -3.66e-15      0.00 7.499e-01 2.494e-01 1.174e-04 3.167e-05 2.872e-04 -1.000 6.527e-04 7.962 10.717 9.055 8.059 7.706 7.524 7.460
0.00061788 -1.40000 10.07918 0.5000000000 2.2374541529    0.500 -1.078  3.6636  4.821    1  0.000  0.545     0.00     0.00     0.00     0.00     0.00 -1 -5.78e-15      0.00 7.499e-01 2.494e-01 1.174e-04 3.167e-05 2.872e-04 -1.000 6.527e-04 7.464 9.805 8.314 7.485 7.203 7.060 7.009
0.00061788 -1.40000 10.07918 0.5500000715 2.2836583126    0.550 -0.860  3.6905  4.752    1  0.000  0.544     0.00     0.00     0.00     0.00     0.00 -1 -9.83e-15      0.00 7.844e-01 2.151e-01 1.023e-04 2.761e-05 2.506e-04 -1.000 5.335e-04 6.920 8.817 7.564 6.886 6.660 6.555 6.519
0.00061788 -1.40000 10.07918 0.6000000238 2.3211213258    0.600 -0.651  3.7187  4.693    1  0.000  0.544     0.00     0.00     0.00     0.00     0.00 -1 -1.63e-14      0.00 7.947e-01 2.048e-01 9.810e-05 2.650e-05 2.406e-04 -1.000 5.378e-04 6.397 7.895 6.888 6.332 6.154 6.083 6.062
0.00061788 -1.40000 10.07918 0.6117136478 2.3288859655    0.611 -0.600  3.7260  4.680    1  0.000  0.543     0.00     0.00     0.00     0.00     0.00 -1 -1.84e-14      0.00 7.975e-01 2.020e-01 9.696e-05 2.619e-05 2.379e-04 -1.000 5.453e-04 6.270 7.678 6.729 6.201 6.035 5.972 5.955
0.00061788 -1.40000 10.07918 0.6233879924 2.3362916310    0.623 -0.549  3.7333  4.667    1  0.000  0.543     0.00     0.00     0.00     0.00     0.00 -1 -2.06e-14      0.00 8.003e-01 1.992e-01 9.580e-05 2.588e-05 2.351e-04 -1.000 5.494e-04 6.142 7.468 6.572 6.072 5.917 5.861 5.848
0.00061788 -1.40000 10.07918 0.6346924901 2.3431649256    0.634 -0.499  3.7402  4.652    1  0.000  0.543     0.00     0.00     0.00     0.00     0.00 -1 -1.45e-14      0.00 8.032e-01 1.963e-01 9.463e-05 2.557e-05 2.322e-04 -1.000 5.222e-04 6.018 7.270 6.422 5.947 5.802 5.754 5.743
0.00061788 -1.40000 10.07918 0.6452073455 2.3493101017    0.645 -0.453  3.7465  4.638    1  0.000  0.543     0.00     0.00     0.00     0.00     0.00 -1  -8.6e-16      0.00 8.060e-01 1.935e-01 9.348e-05 2.527e-05 2.295e-04 -1.000 5.222e-04 5.901 7.092 6.285 5.832 5.697 5.656 5.648
0.00061788 -1.40000 10.07918 0.6499999762 2.3520353107    0.650 -0.431  3.7494  4.631    1  0.000  0.543     0.00     0.00     0.00     0.00     0.00 -1 -2.79e-14      0.00 8.073e-01 1.922e-01 9.295e-05 2.513e-05 2.282e-04 -1.000 5.222e-04 5.848 7.010 6.221 5.780 5.649 5.611 5.604
0.00061788 -1.40000 10.07918 0.6611981392 2.3582261345    0.661 -0.381  3.7555  4.613    1  0.000  0.543     0.00     0.00     0.00     0.00     0.00 -1 -3.17e-14      0.00 8.111e-01 1.884e-01 9.143e-05 2.473e-05 2.247e-04 -1.000 5.222e-04 5.722 6.828 6.076 5.658 5.537 5.505 5.501
0.00061788 -1.40000 10.07918 0.6733023524 2.3646522329    0.673 -0.325  3.7619  4.591    1  0.000  0.542     0.00     0.00     0.00     0.00     0.00 -1 -3.66e-14      0.00 8.154e-01 1.841e-01 8.970e-05 2.426e-05 2.205e-04 -1.000 5.197e-04 5.583 6.632 5.918 5.524 5.414 5.389 5.387
0.00061788 -1.40000 10.07918 0.6844217181 2.3703257071    0.684 -0.273  3.7676  4.569    1  0.000  0.542     0.00     0.00     0.00     0.00     0.00 -1 -3.11e-14      0.00 8.197e-01 1.798e-01 8.802e-05 2.382e-05 2.165e-04 -1.000 5.018e-04 5.453 6.456 5.773 5.400 5.298 5.278 5.279
0.00061788 -1.40000 10.07918 0.6950234175 2.3755410930    0.695 -0.222  3.7729  4.546    1  0.000  0.542     0.00     0.00     0.00     0.00     0.00 -1 -1.57e-14      0.00 8.240e-01 1.756e-01 8.632e-05 2.337e-05 2.125e-04 -1.000 4.515e-04 5.326 6.289 5.632 5.278 5.184 5.170 5.173
0.00061788 -1.40000 10.07918 0.6999999881 2.3779266974    0.700 -0.198  3.7753  4.534    1  0.000  0.541     0.00     0.00     0.00     0.00     0.00 -1 -5.13e-14      0.00 8.261e-01 1.735e-01 8.550e-05 2.315e-05 2.105e-04 -1.000 4.392e-04 5.264 6.210 5.564 5.220 5.130 5.118 5.122
0.00061788 -1.40000 10.07918 0.7032481432 2.3794628315    0.703 -0.182  3.7769  4.526    1  0.000  0.541     0.00     0.00     0.00     0.00     0.00 -1 -5.36e-14      0.00 8.278e-01 1.718e-01 8.475e-05 2.296e-05 2.089e-04 -1.000 4.330e-04 5.224 6.158 5.520 5.181 5.094 5.083 5.088
0.00061788 -1.40000 10.07918 0.7140653133 2.3844628635    0.714 -0.126  3.7819  4.497    1  0.000  0.539     0.00     0.00     0.00     0.00     0.00 -1 -6.26e-14      0.00 8.336e-01 1.660e-01 8.222e-05 2.235e-05 2.035e-04 -1.000 4.222e-04 5.084 5.985 5.368 5.047 4.968 4.962 4.968
0.00061788 -1.40000 10.07918 0.7242974639 2.3890347562    0.724 -0.070  3.7864  4.465    1  0.000  0.537     0.00     0.00     0.00     0.00     0.00 -1 -7.33e-14      0.00 8.392e-01 1.604e-01 7.982e-05 2.177e-05 1.983e-04 -1.000 4.221e-04 4.945 5.819 5.217 4.913 4.841 4.839 4.847
0.00061788 -1.40000 10.07918 0.7332327366 2.3929073931    0.733 -0.018  3.7902  4.434    1  0.000  0.535     0.00     0.00     0.00     0.00     0.00 -1 -8.48e-14      0.00 8.440e-01 1.556e-01 7.775e-05 2.126e-05 1.938e-04 -1.000 4.450e-04 4.816 5.668 5.080 4.789 4.723 4.725 4.735
0.00061788 -1.40000 10.07918 0.7416632771 2.3964630583    0.741  0.033  3.7937  4.402    1  0.000  0.533     0.00     0.00     0.00     0.00     0.00 -1 -2.96e-14      0.00 8.484e-01 1.511e-01 7.583e-05 2.079e-05 1.896e-04 -1.000 4.334e-04 4.688 5.522 4.943 4.666 4.605 4.610 4.621
0.00061788 -1.40000 10.07918 0.7495524883 2.3997072353    0.749  0.083  3.7967  4.368    1  0.000  0.531     0.00     0.00     0.00     0.00     0.00 -1 -8.17e-14      0.00 8.525e-01 1.471e-01 7.410e-05 2.036e-05 1.859e-04 -1.000 4.222e-04 4.561 5.379 4.808 4.542 4.486 4.495 4.506
0.00061788 -1.40000 10.07918 0.7500000000 2.3998889087    0.749  0.086  3.7969  4.366    1  0.000  0.531     0.00     0.00     0.00     0.00     0.00 -1 -1.15e-13      0.00 8.527e-01 1.469e-01 7.400e-05 2.034e-05 1.857e-04 -1.000 4.222e-04 4.554 5.370 4.800 4.534 4.479 4.488 4.499
0.00061788 -1.40000 10.07918 0.7571174502 2.4027451643    0.756  0.135  3.7995  4.332    1  0.000  0.531     0.00     0.00     0.00     0.00     0.00 -1 -1.34e-13      0.00 8.550e-01 1.446e-01 7.326e-05 2.014e-05 1.839e-04 -1.000 4.222e-04 4.432 5.234 4.671 4.415 4.364 4.375 4.387
0.00061788 -1.40000 10.07918 0.7649898529 2.4058333015    0.764  0.193  3.8021  4.289    1  0.000  0.530     0.00     0.00     0.00     0.00     0.00 -1  -1.6e-13      0.00 8.572e-01 1.424e-01 7.258e-05 1.996e-05 1.824e-04 -1.000 4.169e-04 4.287 5.077 4.519 4.273 4.226 4.239 4.252
0.00061788 -1.40000 10.07918 0.7720265388 2.4085323945    0.771  0.249  3.8040  4.245    1  0.000  0.530     0.00     0.00     0.00     0.00     0.00 -1  -1.9e-13      0.00 8.588e-01 1.408e-01 7.215e-05 1.986e-05 1.815e-04 -1.000 4.277e-04 4.148 4.929 4.374 4.135 4.092 4.107 4.121
0.00061788 -1.40000 10.07918 0.7781933546 2.4108517311    0.777  0.301  3.8052  4.200    1  0.000  0.530     0.00     0.00     0.00     0.00     0.00 -1 -2.25e-13      0.00 8.585e-01 1.410e-01 7.240e-05 1.993e-05 1.822e-04 -1.000 4.469e-04 4.017 4.792 4.238 4.005 3.963 3.980 3.994
0.00061788 -1.40000 10.07918 0.7800629735 2.4115465684    0.779  0.318  3.8054  4.185    1  0.000  0.530     0.00     0.00     0.00     0.00     0.00 -1 -2.38e-13      0.00 8.584e-01 1.411e-01 7.250e-05 1.996e-05 1.825e-04 -1.000 4.526e-04 3.976 4.749 4.196 3.963 3.922 3.939 3.953
0.00061788 -1.40000 10.07918 0.7815898061 2.4121111755    0.781  0.333  3.8053  4.171    1  0.000  0.530     0.00     0.00     0.00     0.00     0.00 -1  -2.5e-13      0.00 8.583e-01 1.413e-01 7.259e-05 1.998e-05 1.827e-04 -1.000 4.556e-04 3.939 4.712 4.158 3.926 3.885 3.902 3.915
0.00061788 -1.40000 10.07918 0.7875105143 2.4142768020    0.786  0.393  3.8040  4.108    1  0.000  0.529     0.00     0.00     0.00     0.00     0.00 -1 -1.69e-13      0.00 8.578e-01 1.418e-01 7.294e-05 2.008e-05 1.836e-04 -1.000 4.688e-04 3.787 4.564 4.007 3.772 3.730 3.745 3.758
0.00061788 -1.40000 10.07918 0.7919968963 2.4158930186    0.791  0.446  3.8010  4.046    1  0.000  0.529     0.00     0.00     0.00     0.00     0.00 -1 -7.64e-14      0.00 8.574e-01 1.421e-01 7.321e-05 2.016e-05 1.843e-04 -1.000 4.799e-04 3.655 4.443 3.880 3.637 3.590 3.603 3.615
0.00061788 -1.40000 10.07918 0.7927604318 2.4161659878    0.791  0.456  3.8003  4.034    1  0.000  0.529     0.00     0.00     0.00     0.00     0.00 -1 -6.87e-14      0.00 8.573e-01 1.422e-01 7.326e-05 2.017e-05 1.845e-04 -1.000 4.819e-04 3.631 4.421 3.857 3.612 3.564 3.576 3.588
0.00061788 -1.40000 10.07918 0.7941617370 2.4166653940    0.793  0.476  3.7982  4.006    2  0.000  0.529     0.00     0.00     0.00     0.00     0.00 -1 -1.03e-13      0.00 8.571e-01 1.424e-01 7.339e-05 2.021e-05 1.848e-04 -1.000 4.822e-04 3.581 4.381 3.812 3.560 3.509 3.519 3.531
0.00061788 -1.40000 10.07918 0.7969242930 2.4176440184    0.795  0.519  3.7921  3.940    2  0.000  0.529     0.00     0.00     0.00     0.00     0.00 -1 -2.36e-13      0.00 8.568e-01 1.427e-01 7.362e-05 2.027e-05 1.854e-04 -1.000 4.864e-04 3.474 4.301 3.718 3.447 3.387 3.391 3.400
0.00061788 -1.40000 10.07918 0.7989386916 2.4183527065    0.797  0.555  3.7846  3.875    2  0.000  0.529     0.00     0.00     0.00     0.00     0.00 -1 -4.48e-13      0.00 8.549e-01 1.446e-01 7.487e-05 2.062e-05 1.885e-04 -1.000 4.619e-04 3.383 4.248 3.645 3.349 3.278 3.275 3.281
0.00061788 -1.40000 10.07918 0.7999999523 2.4187244196    0.798  0.576  3.7790  3.832    2  0.000  0.530     0.00     0.00     0.00     0.00     0.00 -1 -6.37e-13      0.00 8.423e-01 1.572e-01 8.072e-05 2.220e-05 2.029e-04 -1.000 4.787e-04 3.330 4.225 3.606 3.291 3.211 3.203 3.207
0.00061788 -1.40000 10.07918 0.8003964424 2.4188630019    0.799  0.584  3.7769  3.816    2  0.000  0.530     0.00     0.00     0.00     0.00     0.00 -1 -6.61e-13      0.00 8.376e-01 1.619e-01 8.293e-05 2.281e-05 2.083e-04 -1.000 4.847e-04 3.310 4.218 3.591 3.270 3.187 3.176 3.179
0.00061788 -1.40000 10.07918 0.8017660379 2.4193404942    0.800  0.614  3.7675  3.750    2  0.000  0.533     0.00     0.00     0.00     0.00     0.00 -1 -7.64e-13      0.00 8.089e-01 1.905e-01 9.402e-05 2.579e-05 2.351e-04 -1.000 5.400e-04 3.236 4.204 3.543 3.190 3.092 3.072 3.072
0.00061788 -1.40000 10.07918 0.8027408123 2.4196791959    0.801  0.639  3.7594  3.692    2  0.000  0.535     0.00     0.00     0.00     0.00     0.00 -1 -8.64e-13      0.00 7.901e-01 2.093e-01 1.007e-04 2.758e-05 2.511e-04 -1.000 5.555e-04 3.173 4.197 3.504 3.122 3.012 2.984 2.980
0.00061788 -1.40000 10.07918 0.8036310673 2.4199877045    0.802  0.671  3.7518  3.631    2  0.000  0.536     0.00     0.00     0.00     0.00     0.00 -1 -9.97e-13      0.00 7.790e-01 2.204e-01 1.047e-04 2.864e-05 2.605e-04 -1.000 5.798e-04 3.093 4.176 3.448 3.040 2.919 2.882 2.876
0.00061788 -1.40000 10.07918 0.8043233752 2.4202270738    0.803  0.706  3.7466  3.575    2  0.000  0.536     0.00     0.00     0.00     0.00     0.00 -1 -1.15e-12      0.00 7.732e-01 2.262e-01 1.068e-04 2.920e-05 2.655e-04 -1.000 6.021e-04 3.006 4.130 3.379 2.953 2.823 2.781 2.772
0.00061788 -1.40000 10.07918 0.8049879074 2.4204563942    0.803  0.748  3.7423  3.516    2  0.000  0.536     0.00     0.00     0.00     0.00     0.00 -1 -1.36e-12      0.00 7.693e-01 2.301e-01 1.082e-04 2.958e-05 2.689e-04 -1.000 5.833e-04 2.900 4.058 3.288 2.847 2.711 2.664 2.654
0.00061788 -1.40000 10.07918 0.8050974607 2.4204941577    0.803  0.756  3.7417  3.505    2  0.000  0.537     0.00     0.00     0.00     0.00     0.00 -1 -1.41e-12      0.00 7.687e-01 2.307e-01 1.084e-04 2.962e-05 2.693e-04 -1.000 5.968e-04 2.879 4.041 3.269 2.827 2.689 2.642 2.631
0.00061788 -1.40000 10.07918 0.8056738973 2.4206926631    0.804  0.802  3.7389  3.449    3  0.000  0.537     0.00     0.00     0.00     0.00     0.00 -1 -1.66e-12      0.00 7.660e-01 2.334e-01 1.092e-04 2.985e-05 2.713e-04 -1.000 6.456e-04 2.765 3.950 3.165 2.713 2.572 2.521 2.509
0.00061788 -1.40000 10.07918 0.8061596155 2.4208596747    0.804  0.844  3.7368  3.399    3  0.000  0.537     0.00     0.00     0.00     0.00     0.00 -1 -1.94e-12      0.00 7.639e-01 2.355e-01 1.098e-04 3.000e-05 2.727e-04 -1.000 5.979e-04 2.660 3.863 3.067 2.609 2.464 2.412 2.398
0.00061788 -1.40000 10.07918 0.8066986203 2.4210447380    0.805  0.895  3.7348  3.340    3  0.000  0.537     0.00     0.00     0.00     0.00     0.00 -1 -2.32e-12      0.00 7.617e-01 2.377e-01 1.103e-04 3.015e-05 2.740e-04 -1.000 6.188e-04 2.534 3.754 2.948 2.484 2.336 2.281 2.266
0.00061788 -1.40000 10.07918 0.8071968555 2.4212155505    0.805  0.945  3.7329  3.282    3  0.000  0.537     0.00     0.00     0.00     0.00     0.00 -1 -2.79e-12      0.00 7.598e-01 2.396e-01 1.107e-04 3.026e-05 2.750e-04 -1.000 6.228e-04 2.407 3.644 2.829 2.358 2.208 2.150 2.135
0.00061788 -1.40000 10.07918 0.8076968193 2.4213867121    0.806  1.000  3.7312  3.221    3  0.000  0.537     0.00     0.00     0.00     0.00     0.00 -1  -3.4e-12      0.00 7.577e-01 2.417e-01 1.110e-04 3.037e-05 2.759e-04 -1.000 6.440e-04 2.270 3.521 2.698 2.222 2.068 2.009 1.993
0.00061788 -1.40000 10.07918 0.8081396222 2.4215381014    0.806  1.053  3.7295  3.161    3  0.000  0.536     0.00     0.00     0.00     0.00     0.00 -1 -4.11e-12      0.00 7.559e-01 2.435e-01 1.111e-04 3.048e-05 2.765e-04 -1.000 6.134e-04 2.137 3.402 2.571 2.090 1.934 1.873 1.856
0.00061788 -1.40000 10.07918 0.8085153103 2.4216663954    0.806  1.102  3.7280  3.106    3  0.000  0.535     0.00     0.00     0.00     0.00     0.00 -1  -4.9e-12      0.00 7.543e-01 2.450e-01 1.111e-04 3.063e-05 2.770e-04 -1.000 6.153e-04 2.014 3.293 2.454 1.969 1.811 1.748 1.730
0.00061788 -1.40000 10.07918 0.8088093996 2.4217667285    0.806  1.144  3.7267  3.060    3  0.000  0.533     0.00     0.00     0.00     0.00     0.00 -1 -5.69e-12      0.00 7.531e-01 2.463e-01 1.109e-04 3.080e-05 2.774e-04 -1.000 5.995e-04 1.911 3.200 2.356 1.866 1.706 1.642 1.623
0.00061788 -1.40000 10.07918 0.8091350198 2.4218777211    0.807  1.194  3.7252  3.004    3  0.000  0.531     0.00     0.00     0.00     0.00     0.00 -1 -6.81e-12      0.00 7.519e-01 2.475e-01 1.106e-04 3.111e-05 2.777e-04 -1.000 6.445e-04 1.786 3.089 2.237 1.743 1.581 1.514 1.494
0.00061788 -1.40000 10.07918 0.8094463944 2.4219837617    0.807  1.246  3.7235  2.945    3  0.000  0.529     0.00     0.00     0.00     0.00     0.00 -1 -8.21e-12      0.00 7.507e-01 2.487e-01 1.101e-04 3.157e-05 2.780e-04 -1.000 6.141e-04 1.655 2.974 2.113 1.613 1.448 1.380 1.359
0.00061788 -1.40000 10.07918 0.8097283840 2.4220797142    0.807  1.298  3.7218  2.886    3  0.000  0.526     0.00     0.00     0.00     0.00     0.00 -1 -9.92e-12      0.00 7.498e-01 2.496e-01 1.096e-04 3.207e-05 2.781e-04 -1.000 6.333e-04 1.525 2.859 1.989 1.484 1.316 1.246 1.224
0.00061788 -1.40000 10.07918 0.8099745512 2.4221634146    0.807  1.348  3.7202  2.830    3  0.000  0.523     0.00     0.00     0.00     0.00     0.00 -1 -1.19e-11      0.00 7.491e-01 2.503e-01 1.091e-04 3.256e-05 2.783e-04 -1.000 6.243e-04 1.400 2.750 1.871 1.361 1.190 1.118 1.096
0.00061788 -1.40000 10.07918 0.8101971745 2.4222390594    0.807  1.397  3.7184  2.773    3  0.000  0.521     0.00     0.00     0.00     0.00     0.00 -1 -1.42e-11      0.00 7.486e-01 2.508e-01 1.087e-04 3.298e-05 2.784e-04 -1.000 6.434e-04 1.277 2.645 1.756 1.239 1.066 0.991 0.968
0.00061788 -1.40000 10.07918 0.8103973866 2.4223070483    0.807  1.446  3.7167  2.718    3  0.000  0.520     0.00     0.00     0.00     0.00     0.00 -1 -1.69e-11      0.00 7.482e-01 2.511e-01 1.084e-04 3.329e-05 2.785e-04 -1.000 6.227e-04 1.155 2.542 1.642 1.120 0.943 0.867 0.842
0.00061788 -1.40000 10.07918 0.8105832934 2.4223701448    0.807  1.495  3.7148  2.661    3  0.000  0.519     0.00     0.00     0.00     0.00     0.00 -1 -2.02e-11      0.00 7.480e-01 2.514e-01 1.083e-04 3.350e-05 2.786e-04 -1.000 6.288e-04 1.031 2.436 1.526 0.997 0.818 0.739 0.714
0.00061788 -1.40000 10.07918 0.8107478619 2.4224259712    0.807  1.544  3.7129  2.605    3  0.000  0.519     0.00     0.00     0.00     0.00     0.00 -1 -2.41e-11      0.00 7.479e-01 2.515e-01 1.082e-04 3.361e-05 2.786e-04 -1.000 6.289e-04 0.911 2.335 1.414 0.879 0.696 0.615 0.589
0.00061788 -1.40000 10.07918 0.8109013438 2.4224780134    0.807  1.593  3.7110  2.548    3  0.000  0.518     0.00     0.00     0.00     0.00     0.00 -1 -2.89e-11      0.00 7.478e-01 2.515e-01 1.082e-04 3.365e-05 2.786e-04 -1.000 6.290e-04 0.787 2.231 1.300 0.758 0.572 0.488 0.461
0.00061788 -1.40000 10.07918 0.8110370040 2.4225239937    0.807  1.641  3.7091  2.492    3  0.000  0.518     0.00     0.00     0.00     0.00     0.00 -1 -3.43e-11      0.00 7.478e-01 2.516e-01 1.081e-04 3.366e-05 2.786e-04 -1.000 6.291e-04 0.668 2.133 1.190 0.641 0.452 0.366 0.337
0.00061788 -1.40000 10.07918 0.8111579418 2.4225649692    0.807  1.687  3.7071  2.438    3  0.000  0.518     0.00     0.00     0.00     0.00     0.00 -1 -4.07e-11      0.00 7.478e-01 2.516e-01 1.081e-04 3.367e-05 2.786e-04 -1.000 6.291e-04 0.552 2.042 1.084 0.526 0.334 0.246 0.216
0.00061788 -1.40000 10.07918 0.8112701178 2.4226029634    0.807  1.734  3.7052  2.383    3  0.000  0.518     0.00     0.00     0.00     0.00     0.00 -1 -4.83e-11      0.00 7.478e-01 2.516e-01 1.081e-04 3.368e-05 2.786e-04 -1.000 6.292e-04 0.435 1.950 0.976 0.411 0.215 0.124 0.094
0.00061788 -1.40000 10.07918 0.8113695979 2.4226366475    0.807  1.779  3.7031  2.330    3  0.000  0.518     0.00     0.00     0.00     0.00     0.00 -1  -5.7e-11      0.00 7.478e-01 2.516e-01 1.081e-04 3.369e-05 2.786e-04 -1.000 6.293e-04 0.322 1.864 0.873 0.299 0.100 0.007 -0.024
0.00061788 -1.40000 10.07918 0.8114634752 2.4226684257    0.806  1.826  3.7011  2.275    3  0.000  0.518     0.00     0.00     0.00     0.00     0.00 -1 -6.75e-11      0.00 7.478e-01 2.516e-01 1.081e-04 3.370e-05 2.786e-04 -1.000 6.293e-04 0.206 1.775 0.768 0.185 -0.017 -0.113 -0.145
0.00061788 -1.40000 10.07918 0.8115479946 2.4226970289    0.806  1.870  3.6990  2.222    3  0.000  0.518     0.00     0.00     0.00     0.00     0.00 -1 -7.96e-11      0.00 7.478e-01 2.516e-01 1.081e-04 3.371e-05 2.786e-04 -1.000 6.293e-04 0.094 1.691 0.667 0.075 -0.131 -0.229 -0.263
0.00061788 -1.40000 10.07918 0.8116270900 2.4227237904    0.806  1.915  3.6969  2.168    3  0.000  0.518     0.00     0.00     0.00     0.00     0.00 -1 -9.39e-11      0.00 7.478e-01 2.516e-01 1.081e-04 3.372e-05 2.786e-04 -1.000 6.295e-04 -0.018 1.608 0.567 -0.034 -0.244 -0.345 -0.380
0.00061788 -1.40000 10.07918 0.8117027879 2.4227493967    0.806  1.960  3.6947  2.115    3  0.000  0.518     0.00     0.00     0.00     0.00     0.00 -1 -1.11e-10      0.00 7.478e-01 2.516e-01 1.081e-04 3.372e-05 2.786e-04 -1.000 6.294e-04 -0.131 1.525 0.467 -0.144 -0.358 -0.461 -0.498
0.00061788 -1.40000 10.07918 0.8117804527 2.4227756626    0.805  2.002  3.6927  2.065    3  0.000  0.518     0.00     0.00     0.00     0.00     0.00 -1 -1.29e-10      0.00 7.478e-01 2.516e-01 1.081e-04 3.373e-05 2.786e-04 -1.000 6.296e-04 -0.235 1.450 0.375 -0.245 -0.462 -0.569 -0.606
0.00061788 -1.40000 10.07918 0.8118509650 2.4227995046    0.805  2.029  3.6915  2.032    3  0.000  0.518     0.00     0.00     0.00     0.00     0.00 -1 -1.43e-10      0.00 7.478e-01 2.516e-01 1.081e-04 3.374e-05 2.786e-04 -1.000 6.296e-04 -0.304 1.399 0.313 -0.312 -0.532 -0.639 -0.677
0.00061788 -1.40000 10.07918 0.8118942380 2.4228141340    0.804  2.016  3.6924  2.049    3  0.000  0.518     0.00     0.00     0.00     0.00     0.00 -1 -1.37e-10      0.00 7.477e-01 2.516e-01 1.081e-04 3.374e-05 2.786e-04 -1.000 6.296e-04 -0.269 1.420 0.342 -0.279 -0.497 -0.604 -0.641
0.00061788 -1.40000 10.07918 0.8119093776 2.4228192518    0.804  2.011  3.6928  2.056    3  0.000  0.518     0.00     0.00     0.00     0.00     0.00 -1 -1.35e-10      0.00 7.477e-01 2.516e-01 1.081e-04 3.374e-05 2.786e-04 -1.000 6.297e-04 -0.257 1.427 0.352 -0.267 -0.484 -0.591 -0.628
0.00061788 -1.40000 10.07918 0.8119593263 2.4228361350    0.804  2.051  3.6908  2.008    3  0.000  0.518     0.00     0.00     0.00     0.00     0.00 -1 -1.55e-10      0.00 7.477e-01 2.516e-01 1.081e-04 3.375e-05 2.786e-04 -1.000 6.296e-04 -0.357 1.355 0.264 -0.365 -0.585 -0.694 -0.733
0.00061788 -1.40000 10.07918 0.8120066524 2.4228521296    0.804  2.091  3.6887  1.959    3  0.000  0.518     0.00     0.00     0.00     0.00     0.00 -1  -1.8e-10      0.00 7.477e-01 2.516e-01 1.081e-04 3.375e-05 2.786e-04 -1.000 6.296e-04 -0.457 1.290 0.177 -0.461 -0.686 -0.798 -0.837
0.00061788 -1.40000 10.07918 0.8120527864 2.4228677192    0.803  2.133  3.6865  1.908    3  0.000  0.518     0.00     0.00     0.00     0.00     0.00 -1  -2.1e-10      0.00 7.477e-01 2.516e-01 1.081e-04 3.376e-05 2.786e-04 -1.000 6.297e-04 -0.562 1.224 0.088 -0.562 -0.790 -0.905 -0.946
0.00061788 -1.40000 10.07918 0.8120956421 2.4228821992    0.803  2.174  3.6843  1.857    3  0.000  0.518     0.00     0.00     0.00     0.00     0.00 -1 -2.45e-10      0.00 7.477e-01 2.516e-01 1.081e-04 3.376e-05 2.786e-04 -1.000 6.297e-04 -0.666 1.166 -0.001 -0.663 -0.896 -1.013 -1.056
0.00061788 -1.40000 10.07918 0.8121338487 2.4228951069    0.802  2.214  3.6820  1.808    3  0.000  0.518     0.00     0.00     0.00     0.00     0.00 -1 -2.84e-10      0.00 7.477e-01 2.516e-01 1.081e-04 3.377e-05 2.786e-04 -1.000 6.298e-04 -0.766 1.116 -0.085 -0.762 -0.998 -1.118 -1.162
0.00061788 -1.40000 10.07918 0.8121693730 2.4229071071    0.802  2.254  3.6798  1.759    3  0.000  0.518     0.00     0.00     0.00     0.00     0.00 -1  -3.3e-10      0.00 7.477e-01 2.516e-01 1.081e-04 3.377e-05 2.786e-04 -1.000 6.298e-04 -0.866 1.067 -0.168 -0.860 -1.100 -1.223 -1.268
0.00061788 -1.40000 10.07918 0.8122022152 2.4229182003    0.801  2.294  3.6775  1.710    3  0.000  0.518     0.00     0.00     0.00     0.00     0.00 -1 -3.82e-10      0.00 7.477e-01 2.516e-01 1.081e-04 3.377e-05 2.786e-04 -1.000 6.298e-04 -0.965 1.026 -0.248 -0.957 -1.201 -1.326 -1.373
0.00061788 -1.40000 10.07918 0.8122327924 2.4229285274    0.801  2.333  3.6752  1.661    3  0.000  0.518     0.00     0.00     0.00     0.00     0.00 -1 -4.43e-10      0.00 7.477e-01 2.517e-01 1.081e-04 3.378e-05 2.786e-04 -1.000 6.298e-04 -1.064 0.985 -0.327 -1.053 -1.301 -1.429 -1.478
0.00061788 -1.40000 10.07918 0.8122600317 2.4229377265    0.800  2.371  3.6729  1.613    3  0.000  0.518     0.00     0.00     0.00     0.00     0.00 -1 -5.11e-10      0.00 7.477e-01 2.517e-01 1.081e-04 3.378e-05 2.786e-04 -1.000 6.298e-04 -1.158 0.951 -0.401 -1.145 -1.397 -1.528 -1.578
0.00061788 -1.40000 10.07918 0.8122856021 2.4229463613    0.799  2.409  3.6706  1.566    3  0.000  0.518     0.00     0.00     0.00     0.00     0.00 -1 -5.88e-10      0.00 7.477e-01 2.517e-01 1.081e-04 3.378e-05 2.786e-04 -1.000 6.299e-04 -1.253 0.919 -0.475 -1.237 -1.493 -1.628 -1.679
0.00061788 -1.40000 10.07918 0.8123146296 2.4229561628    0.798  2.456  3.6677  1.508    3  0.000  0.518     0.00     0.00     0.00     0.00     0.00 -1    -7e-10      0.00 7.477e-01 2.517e-01 1.081e-04 3.378e-05 2.786e-04 -1.000 6.298e-04 -1.369 0.888 -0.562 -1.348 -1.610 -1.748 -1.802
0.00061788 -1.40000 10.07918 0.8123406172 2.4229649371    0.797  2.501  3.6650  1.451    3  0.000  0.518     7.43     5.83     4.13     3.19     2.58  3  -8.3e-10      0.00 7.477e-01 2.517e-01 1.081e-04 3.379e-05 2.786e-04 -1.000 6.299e-04 -1.481 0.865 -0.643 -1.455 -1.723 -1.865 -1.921
0.00061788 -1.40000 10.07918 0.8123648763 2.4229731272    0.796  2.546  3.6620  1.393    3  0.000  0.518     8.39     6.47     4.56     3.53     2.86  3 -9.85e-10      0.00 7.477e-01 2.517e-01 1.081e-04 3.379e-05 2.786e-04 -1.000 6.299e-04 -1.595 0.852 -0.722 -1.563 -1.837 -1.983 -2.041
0.00061788 -1.40000 10.07918 0.8123864532 2.4229804114    0.795  2.589  3.6592  1.338    3  0.000  0.518     9.42     7.14     5.01     3.89     3.15  3 -1.16e-09      0.00 7.477e-01 2.517e-01 1.081e-04 3.379e-05 2.786e-04 -1.000 6.299e-04 -1.703 0.844 -0.796 -1.665 -1.946 -2.096 -2.156
0.00061788 -1.40000 10.07918 0.8124062419 2.4229870914    0.794  2.632  3.6563  1.283    3  0.000  0.518    10.59     7.89     5.51     4.29     3.47  3 -1.37e-09      0.00 7.477e-01 2.517e-01 1.081e-04 3.379e-05 2.786e-04 -1.000 6.299e-04 -1.811 0.834 -0.866 -1.763 -2.051 -2.206 -2.268
0.00061788 -1.40000 10.07918 0.8124253154 2.4229935297    0.793  2.677  3.6534  1.226    3  0.000  0.518    11.95     8.75     6.08     4.73     3.83  3 -1.62e-09      0.00 7.477e-01 2.517e-01 1.081e-04 3.379e-05 2.786e-04 -1.000 6.300e-04 -1.922 0.811 -0.941 -1.862 -2.159 -2.318 -2.383
0.00061788 -1.40000 10.07918 0.8124417067 2.4229990623    0.791  2.718  3.6505  1.172    3  0.000  0.518    13.37     9.63     6.67     5.20     4.21  2 -1.89e-09      0.00 7.477e-01 2.517e-01 1.080e-04 3.380e-05 2.786e-04 -1.000 6.299e-04 -2.025 0.793 -1.009 -1.955 -2.259 -2.423 -2.490
0.00061788 -1.40000 10.07918 0.8124572635 2.4230043131    0.789  2.760  3.6476  1.118    3  0.000  0.518    14.99    10.62     7.32     5.71     4.63  2 -2.22e-09      0.00 7.477e-01 2.517e-01 1.080e-04 3.380e-05 2.786e-04 -1.000 6.300e-04 -2.130 0.778 -1.077 -2.046 -2.358 -2.528 -2.597
0.00061788 -1.40000 10.07918 0.8124719262 2.4230092618    0.788  2.802  3.6447  1.063    3  0.000  0.518    16.84    11.72     8.04     6.29     5.10  2 -2.61e-09      0.00 7.477e-01 2.517e-01 1.080e-04 3.380e-05 2.786e-04 -1.000 6.299e-04 -2.236 0.762 -1.145 -2.139 -2.459 -2.634 -2.705
0.00061788 -1.40000 10.07918 0.8124845624 2.4230135264    0.786  2.841  3.6419  1.012    3  0.000  0.518    18.75    12.85     8.78     6.88     5.57  2 -3.04e-09      0.00 7.477e-01 2.517e-01 1.080e-04 3.380e-05 2.786e-04 -1.000 6.299e-04 -2.333 0.752 -1.205 -2.223 -2.551 -2.731 -2.805
0.00061788 -1.40000 10.07918 0.8124968410 2.4230176702    0.784  2.882  3.6390  0.959    3  0.000  0.518    20.98    14.14     9.62     7.54     6.11  2 -3.55e-09      0.00 7.477e-01 2.517e-01 1.080e-04 3.380e-05 2.786e-04 -1.000 6.300e-04 -2.434 0.749 -1.263 -2.309 -2.646 -2.832 -2.908
0.00061788 -1.40000 10.07918 0.8125083447 2.4230215523    0.782  2.922  3.6361  0.906    3  0.000  0.518    23.46    15.55    10.53     8.27     6.71  2 -4.14e-09      0.00 7.477e-01 2.517e-01 1.080e-04 3.380e-05 2.786e-04 -1.000 6.299e-04 -2.535 0.748 -1.318 -2.394 -2.741 -2.932 -3.011
0.00061788 -1.40000 10.07918 0.8125182390 2.4230248912    0.779  2.959  3.6334  0.856    3  0.000  0.518    26.01    16.98    11.46     9.01     7.31  2 -4.78e-09      0.00 7.477e-01 2.517e-01 1.080e-04 3.380e-05 2.786e-04 -1.000 6.300e-04 -2.627 0.751 -1.367 -2.471 -2.827 -3.023 -3.105
0.00061788 -1.40000 10.07918 0.8125278354 2.4230281295    0.777  2.997  3.6305  0.805    3  0.000  0.518    28.96    18.60    12.50     9.84     7.99  1 -5.55e-09      0.00 7.477e-01 2.517e-01 1.080e-04 3.380e-05 2.786e-04 -1.000 6.301e-04 -2.722 0.757 -1.414 -2.548 -2.915 -3.117 -3.201
0.00061788 -1.40000 10.07918 0.8125370741 2.4230312470    0.774  3.036  3.6277  0.754    3  0.000  0.518    32.30    20.41    13.66    10.77     8.74  1 -6.45e-09      0.00 7.477e-01 2.517e-01 1.080e-04 3.380e-05 2.786e-04 -1.000 6.301e-04 -2.820 0.759 -1.463 -2.628 -3.004 -3.213 -3.299
0.00061788 -1.40000 10.07918 0.8125451803 2.4230339823    0.771  3.072  3.6249  0.705    3  0.000  0.518    35.77    22.26    14.83    11.72     9.51  1 -7.42e-09      0.00 7.477e-01 2.517e-01 1.080e-04 3.381e-05 2.786e-04 -1.000 6.300e-04 -2.910 0.763 -1.507 -2.700 -3.086 -3.301 -3.389
0.00061788 -1.40000 10.07918 0.8125531673 2.4230366773    0.768  3.109  3.6221  0.654    3  0.000  0.518    39.81    24.38    16.18    12.80    10.39  1  -8.6e-09      0.00 7.477e-01 2.517e-01 1.080e-04 3.381e-05 2.786e-04 -1.000 6.301e-04 -3.004 0.767 -1.552 -2.775 -3.172 -3.392 -3.484
0.00061788 -1.40000 10.07918 0.8125606179 2.4230391913    0.764  3.146  3.6193  0.604    3  0.000  0.518    44.22    26.65    17.61    13.95    11.33  1 -9.94e-09      0.00 7.477e-01 2.517e-01 1.080e-04 3.381e-05 2.786e-04 -1.000 6.300e-04 -3.096 0.771 -1.595 -2.848 -3.255 -3.482 -3.576
0.00061788 -1.40000 10.07918 0.8125674725 2.4230415041    0.761  3.182  3.6167  0.556    3  0.000  0.518    48.95    29.05    19.12    15.17    12.32  1 -1.14e-08      0.00 7.477e-01 2.517e-01 1.080e-04 3.381e-05 2.786e-04 -1.000 6.300e-04 -3.185 0.773 -1.635 -2.918 -3.336 -3.568 -3.665
0.00061788 -1.40000 10.07918 0.8125739694 2.4230436961    0.756  3.218  3.6139  0.507    3  0.000  0.518    54.30    31.72    20.79    16.52    13.42  1 -1.32e-08      0.00 7.477e-01 2.517e-01 1.080e-04 3.381e-05 2.786e-04 -1.000 6.300e-04 -3.275 0.776 -1.674 -2.987 -3.416 -3.655 -3.754
0.00061788 -1.40000 10.07918 0.8125801086 2.4230457675    0.752  3.253  3.6113  0.458    3  0.000  0.518    60.15    34.58    22.58    17.96    14.59  1 -1.52e-08      0.00 7.477e-01 2.517e-01 1.080e-04 3.381e-05 2.786e-04 -1.000 6.300e-04 -3.363 0.777 -1.705 -3.053 -3.494 -3.740 -3.841
0.00061788 -1.40000 10.07918 0.8125858903 2.4230477182    0.747  3.287  3.6088  0.412    3  0.000  0.518    66.30    37.54    24.41    19.46    15.80  1 -1.74e-08      0.00 7.477e-01 2.517e-01 1.080e-04 3.381e-05 2.786e-04 -1.000 6.300e-04 -3.447 0.775 -1.732 -3.114 -3.568 -3.821 -3.924
0.00061788 -1.40000 10.07918 0.8125902414 2.4230491862    0.743  3.311  3.6069  0.378    3  0.000  0.518    71.20    39.86    25.85    20.62    16.76  1 -1.92e-08      0.00 7.477e-01 2.517e-01 1.080e-04 3.381e-05 2.786e-04 -1.000 6.300e-04 -3.508 0.773 -1.750 -3.158 -3.621 -3.879 -3.984
0.00061788 -1.40000 10.07918 0.8125902414 2.4230491862    0.743  1.728  3.7604  2.575    4  0.000  0.523     0.00     0.00     0.00     0.00     0.00 -1    -1e-30      0.00 7.415e-01 2.578e-01 1.113e-04 3.364e-05 2.845e-04 -1.000 6.527e-04 0.451 1.437 0.748 0.395 0.294 0.265 0.260
0.00061788 -1.40000 10.07918 0.8126373291 2.4230650718    0.743  1.744  3.7585  2.551    4  0.000  0.523     0.00     0.00     0.00     0.00     0.00 -1    -1e-30      0.00 7.415e-01 2.578e-01 1.113e-04 3.364e-05 2.845e-04 -1.000 6.527e-04 0.410 1.410 0.714 0.354 0.250 0.218 0.213
0.00061788 -1.40000 10.07918 0.8126854897 2.4230813171    0.743  1.747  3.7585  2.548    4  0.000  0.523     0.00     0.00     0.00     0.00     0.00 -1    -1e-30      0.00 7.415e-01 2.578e-01 1.113e-04 3.364e-05 2.845e-04 -1.000 6.527e-04 0.402 1.403 0.707 0.347 0.243 0.211 0.206
0.00061788 -1.40000 10.07918 0.8127344847 2.4230978417    0.743  1.748  3.7588  2.548    4  0.000  0.523     0.00     0.00     0.00     0.00     0.00 -1    -1e-30      0.00 7.415e-01 2.578e-01 1.113e-04 3.364e-05 2.845e-04 -1.000 6.528e-04 0.400 1.397 0.703 0.344 0.240 0.209 0.204
0.00061788 -1.40000 10.07918 0.8127850890 2.4231149066    0.743  1.749  3.7595  2.550    4  0.000  0.523     0.00     0.00     0.00     0.00     0.00 -1    -1e-30      0.00 7.415e-01 2.578e-01 1.113e-04 3.364e-05 2.845e-04 -1.000 6.527e-04 0.399 1.391 0.699 0.343 0.240 0.210 0.205
0.00061788 -1.40000 10.07918 0.8128343821 2.4231315270    0.743  1.748  3.7604  2.554    4  0.000  0.523     0.00     0.00     0.00     0.00     0.00 -1    -1e-30      0.00 7.415e-01 2.578e-01 1.113e-04 3.364e-05 2.845e-04 -1.000 6.527e-04 0.399 1.385 0.696 0.343 0.242 0.212 0.208
0.00061788 -1.40000 10.07918 0.8128840327 2.4231482656    0.743  1.748  3.7615  2.559    4  0.000  0.523     0.00     0.00     0.00     0.00     0.00 -1    -1e-30      0.00 7.415e-01 2.578e-01 1.113e-04 3.364e-05 2.845e-04 -1.000 6.527e-04 0.400 1.378 0.693 0.344 0.245 0.217 0.213
0.00061788 -1.40000 10.07918 0.8129346967 2.4231653434    0.743  1.747  3.7629  2.566    4  0.000  0.523     0.00     0.00     0.00     0.00     0.00 -1    -1e-30      0.00 7.415e-01 2.578e-01 1.113e-04 3.364e-05 2.845e-04 -1.000 6.527e-04 0.403 1.371 0.690 0.346 0.250 0.223 0.219
0.00061788 -1.40000 10.07918 0.8129848242 2.4231822380    0.743  1.746  3.7644  2.573    4  0.000  0.523     0.00     0.00     0.00     0.00     0.00 -1    -1e-30      0.00 7.415e-01 2.578e-01 1.113e-04 3.364e-05 2.845e-04 -1.000 6.527e-04 0.406 1.363 0.687 0.349 0.255 0.229 0.226
0.00061788 -1.40000 10.07918 0.8130356669 2.4231993712    0.743  1.745  3.7660  2.580    4  0.000  0.523     0.00     0.00     0.00     0.00     0.00 -1    -1e-30      0.00 7.415e-01 2.578e-01 1.113e-04 3.364e-05 2.845e-04 -1.000 6.527e-04 0.409 1.356 0.684 0.352 0.260 0.236 0.234
0.00061788 -1.40000 10.07918 0.8130838275 2.4232155982    0.743  1.744  3.7674  2.587    4  0.000  0.523     0.00     0.00     0.00     0.00     0.00 -1    -1e-30      0.00 7.415e-01 2.578e-01 1.113e-04 3.364e-05 2.845e-04 -1.000 6.527e-04 0.411 1.348 0.681 0.354 0.265 0.243 0.241
0.00061788 -1.40000 10.07918 0.8131351471 2.4232328872    0.743  1.743  3.7688  2.594    4  0.000  0.523     0.00     0.00     0.00     0.00     0.00 -1    -1e-30      0.00 7.415e-01 2.578e-01 1.113e-04 3.364e-05 2.845e-04 -1.000 6.527e-04 0.414 1.341 0.679 0.356 0.270 0.249 0.247
0.00061788 -1.40000 10.07918 0.8131855130 2.4232498525    0.744  1.742  3.7701  2.600    4  0.000  0.523     0.00     0.00     0.00     0.00     0.00 -1    -1e-30      0.00 7.415e-01 2.578e-01 1.113e-04 3.364e-05 2.845e-04 -1.000 6.527e-04 0.416 1.334 0.676 0.358 0.274 0.254 0.253
0.00061788 -1.40000 10.07918 0.8132326603 2.4232657314    0.744  1.741  3.7711  2.604    4  0.000  0.523     0.00     0.00     0.00     0.00     0.00 -1    -1e-30      0.00 7.415e-01 2.578e-01 1.113e-04 3.364e-05 2.845e-04 -1.000 6.527e-04 0.417 1.329 0.673 0.360 0.277 0.258 0.258
0.00061788 -1.40000 10.07918 0.8132824302 2.4232824913    0.744  1.741  3.7720  2.608    4  0.000  0.523     0.00     0.00     0.00     0.00     0.00 -1    -1e-30      0.00 7.415e-01 2.578e-01 1.113e-04 3.364e-05 2.845e-04 -1.000 6.528e-04 0.418 1.323 0.671 0.361 0.280 0.262 0.262
0.00061788 -1.40000 10.07918 0.8132940531 2.4232864050    0.744  1.741  3.7722  2.609    4  0.000  0.523     0.00     0.00     0.00     0.00     0.00 -1    -1e-30      0.00 7.415e-01 2.578e-01 1.113e-04 3.364e-05 2.845e-04 -1.000 6.527e-04 0.418 1.322 0.671 0.361 0.281 0.262 0.263
0.00061788 -1.40000 10.07918 0.8132998347 2.4232883517    0.744  1.741  3.7722  2.610    4  0.000  0.523     0.00     0.00     0.00     0.00     0.00 -1    -1e-30      0.00 7.415e-01 2.578e-01 1.113e-04 3.364e-05 2.845e-04 -1.000 6.528e-04 0.418 1.322 0.670 0.361 0.281 0.263 0.263
0.00061788 -1.40000 10.07918 0.8133506775 2.4233054697    0.744  1.741  3.7727  2.611    4  0.000  0.523     0.00     0.00     0.00     0.00     0.00 -1    -1e-30      0.00 7.415e-01 2.578e-01 1.113e-04 3.364e-05 2.845e-04 -1.000 6.527e-04 0.418 1.319 0.668 0.361 0.281 0.263 0.264
0.00061788 -1.40000 10.07918 0.8134034872 2.4233232472    0.744  1.741  3.7727  2.611    4  0.000  0.523     0.00     0.00     0.00     0.00     0.00 -1    -1e-30      0.00 7.415e-01 2.578e-01 1.113e-04 3.364e-05 2.845e-04 -1.000 6.527e-04 0.417 1.317 0.667 0.359 0.280 0.263 0.263
0.00061788 -1.40000 10.07918 0.8134533763 2.4233400392    0.744  1.742  3.7725  2.609    4  0.000  0.523     0.00     0.00     0.00     0.00     0.00 -1    -1e-30      0.00 7.415e-01 2.578e-01 1.113e-04 3.364e-05 2.845e-04 -1.000 6.527e-04 0.415 1.317 0.666 0.357 0.278 0.260 0.260
0.00061788 -1.40000 10.07918 0.8135034442 2.4233568889    0.744  1.743  3.7719  2.606    4  0.000  0.523     0.00     0.00     0.00     0.00     0.00 -1    -1e-30      0.00 7.415e-01 2.578e-01 1.113e-04 3.364e-05 2.845e-04 -1.000 6.527e-04 0.412 1.318 0.665 0.354 0.273 0.255 0.255
0.00061788 -1.40000 10.07918 0.8135535121 2.4233737363    0.744  1.745  3.7709  2.600    4  0.000  0.523     0.00     0.00     0.00     0.00     0.00 -1    -1e-30      0.00 7.415e-01 2.578e-01 1.113e-04 3.364e-05 2.845e-04 -1.000 6.527e-04 0.408 1.320 0.664 0.350 0.267 0.248 0.248
0.00061788 -1.40000 10.07918 0.8136027455 2.4233903005    0.744  1.747  3.7695  2.593    4  0.000  0.523     0.00     0.00     0.00     0.00     0.00 -1    -1e-30      0.00 7.415e-01 2.578e-01 1.113e-04 3.364e-05 2.845e-04 -1.000 6.527e-04 0.402 1.324 0.664 0.345 0.260 0.239 0.238
0.00061788 -1.40000 10.07918 0.8136527538 2.4234071231    0.744  1.750  3.7681  2.584    4  0.000  0.523     0.00     0.00     0.00     0.00     0.00 -1    -1e-30      0.00 7.415e-01 2.578e-01 1.113e-04 3.364e-05 2.845e-04 -1.000 6.527e-04 0.396 1.328 0.663 0.339 0.251 0.229 0.227
0.00061788 -1.40000 10.07918 0.8136619329 2.4234102106    0.744  1.750  3.7678  2.583    4  0.000  0.523     0.00     0.00     0.00     0.00     0.00 -1    -1e-30      0.00 7.415e-01 2.578e-01 1.113e-04 3.364e-05 2.845e-04 -1.000 6.527e-04 0.395 1.329 0.663 0.337 0.249 0.227 0.225
0.00061788 -1.40000 10.07918 0.8136710525 2.4234132781    0.744  1.751  3.7675  2.581    4  0.000  0.523     0.00     0.00     0.00     0.00     0.00 -1    -1e-30      0.00 7.415e-01 2.578e-01 1.113e-04 3.364e-05 2.845e-04 -1.000 6.527e-04 0.393 1.329 0.663 0.336 0.247 0.224 0.223
0.00061788 -1.40000 10.07918 0.8137170076 2.4234287343    0.744  1.754  3.7658  2.571    4  0.000  0.523     0.00     0.00     0.00     0.00     0.00 -1    -1e-30      0.00 7.415e-01 2.578e-01 1.113e-04 3.364e-05 2.845e-04 -1.000 6.527e-04 0.385 1.333 0.661 0.328 0.237 0.212 0.210
0.00061788 -1.40000 10.07918 0.8137620687 2.4234438879    0.744  1.757  3.7639  2.560    4  0.000  0.523     0.00     0.00     0.00     0.00     0.00 -1    -1e-30      0.00 7.415e-01 2.578e-01 1.113e-04 3.364e-05 2.845e-04 -1.000 6.527e-04 0.376 1.337 0.659 0.319 0.225 0.199 0.195
0.00061788 -1.40000 10.07918 0.8138087392 2.4234595806    0.744  1.762  3.7619  2.548    4  0.000  0.523     0.00     0.00     0.00     0.00     0.00 -1    -1e-30      0.00 7.415e-01 2.578e-01 1.113e-04 3.364e-05 2.845e-04 -1.000 6.527e-04 0.366 1.340 0.656 0.309 0.211 0.183 0.179
0.00061788 -1.40000 10.07918 0.8138563633 2.4234755919    0.744  1.767  3.7599  2.535    4  0.000  0.523     0.00     0.00     0.00     0.00     0.00 -1    -1e-30      0.00 7.415e-01 2.578e-01 1.113e-04 3.364e-05 2.845e-04 -1.000 6.527e-04 0.354 1.342 0.652 0.297 0.196 0.166 0.161
0.00061788 -1.40000 10.07918 0.8139012456 2.4234906794    0.744  1.772  3.7580  2.522    4  0.000  0.523     0.00     0.00     0.00     0.00     0.00 -1    -1e-30      0.00 7.415e-01 2.578e-01 1.113e-04 3.364e-05 2.845e-04 -1.000 6.527e-04 0.341 1.345 0.647 0.285 0.181 0.149 0.143
0.00061788 -1.40000 10.07918 0.8139478564 2.4235063459    0.744  1.777  3.7562  2.509    4  0.000  0.523     0.00     0.00     0.00     0.00     0.00 -1    -1e-30      0.00 7.415e-01 2.578e-01 1.113e-04 3.364e-05 2.845e-04 -1.000 6.527e-04 0.327 1.345 0.640 0.272 0.164 0.130 0.123
0.00061788 -1.40000 10.07918 0.8139933348 2.4235216298    0.744  1.782  3.7545  2.498    4  0.000  0.523     0.00     0.00     0.00     0.00     0.00 -1    -1e-30      0.00 7.415e-01 2.578e-01 1.113e-04 3.364e-05 2.845e-04 -1.000 6.527e-04 0.314 1.345 0.633 0.259 0.148 0.112 0.105
0.00061788 -1.40000 10.07918 0.8140387535 2.4235368917    0.744  1.787  3.7532  2.487    4  0.000  0.523     0.00     0.00     0.00     0.00     0.00 -1    -1e-30      0.00 7.415e-01 2.578e-01 1.113e-04 3.364e-05 2.845e-04 -1.000 6.527e-04 0.301 1.343 0.626 0.247 0.134 0.096 0.089
0.00061788 -1.40000 10.07918 0.8140846491 2.4235523119    0.745  1.796  3.7510  2.469    4  0.000  0.523     0.00     0.00     0.00     0.00     0.00 -1    -1e-30      0.00 7.415e-01 2.578e-01 1.113e-04 3.364e-05 2.845e-04 -1.000 6.528e-04 0.279 1.338 0.613 0.225 0.108 0.069 0.060
0.00061788 -1.40000 10.07918 0.8141326904 2.4235684509    0.745  1.808  3.7484  2.448    4  0.000  0.523     0.00     0.00     0.00     0.00     0.00 -1    -1e-30      0.00 7.415e-01 2.578e-01 1.113e-04 3.364e-05 2.845e-04 -1.000 6.527e-04 0.251 1.331 0.594 0.197 0.075 0.033 0.023
0.00061788 -1.40000 10.07918 0.8141798973 2.4235843073    0.745  1.822  3.7454  2.422    4  0.000  0.523     0.00     0.00     0.00     0.00     0.00 -1    -1e-30      0.00 7.415e-01 2.578e-01 1.113e-04 3.364e-05 2.845e-04 -1.000 6.527e-04 0.215 1.319 0.570 0.162 0.035 -0.010 -0.021
0.00061788 -1.40000 10.07918 0.8142256737 2.4235996813    0.745  1.854  3.7397  2.367    4  0.000  0.523     0.00     0.00     0.00     0.00     0.00 -1    -1e-30      0.00 7.415e-01 2.578e-01 1.113e-04 3.364e-05 2.845e-04 -1.000 6.527e-04 0.136 1.288 0.514 0.084 -0.051 -0.103 -0.116
0.00061788 -1.40000 10.07918 0.8142461777 2.4236065669    0.745  1.885  3.7346  2.315    4  0.000  0.523     0.00     0.00     0.00     0.00     0.00 -1    -1e-30      0.00 7.415e-01 2.578e-01 1.113e-04 3.364e-05 2.845e-04 -1.000 6.527e-04 0.057 1.259 0.456 0.007 -0.137 -0.194 -0.210
0.00061788 -1.40000 10.07918 0.8142572045 2.4236102698    0.745  1.919  3.7295  2.262    4  0.000  0.523     0.00     0.00     0.00     0.00     0.00 -1    -1e-30      0.00 7.415e-01 2.578e-01 1.113e-04 3.364e-05 2.845e-04 -1.000 6.527e-04 -0.026 1.224 0.393 -0.075 -0.228 -0.290 -0.308
0.00061788 -1.40000 10.07918 0.8142624497 2.4236120311    0.745  1.951  3.7251  2.211    4  0.000  0.523     0.00     0.00     0.00     0.00     0.00 -1    -1e-30      0.00 7.415e-01 2.578e-01 1.113e-04 3.364e-05 2.845e-04 -1.000 6.527e-04 -0.107 1.190 0.332 -0.154 -0.314 -0.381 -0.401
0.00061788 -1.40000 10.07918 0.8142655492 2.4236130719    0.745  1.987  3.7207  2.158    4  0.000  0.523     0.00     0.00     0.00     0.00     0.00 -1    -1e-30      0.00 7.415e-01 2.578e-01 1.113e-04 3.364e-05 2.845e-04 -1.000 6.527e-04 -0.196 1.148 0.263 -0.240 -0.408 -0.480 -0.503
0.00061788 -1.40000 10.07918 0.8142670989 2.4236135922    0.745  2.020  3.7169  2.110    4  0.000  0.523     0.00     0.00     0.00     0.00     0.00 -1    -1e-30      0.00 7.415e-01 2.578e-01 1.113e-04 3.364e-05 2.845e-04 -1.000 6.527e-04 -0.280 1.108 0.197 -0.321 -0.495 -0.572 -0.596
0.00061788 -1.40000 10.07918 0.8142679334 2.4236138725    0.745  2.044  3.7143  2.075    7  0.000  0.523     0.00     0.00     0.00     0.00     0.00 -1 -9.28e-10      0.00 7.415e-01 2.562e-01 1.113e-04 3.364e-05 2.845e-04 -1.000 2.253e-03 -0.340 1.077 0.149 -0.380 -0.558 -0.638 -0.663
0.00061788 -1.40000 10.07918 0.8142679930 2.4236138925    0.745  2.045  3.7143  2.074    7  0.000  0.523     0.00     0.00     0.00     0.00     0.00 -1 -9.33e-10      0.00 7.415e-01 2.562e-01 1.113e-04 3.364e-05 2.845e-04 -1.000 2.253e-03 -0.342 1.076 0.148 -0.382 -0.560 -0.640 -0.666
0.00061788 -1.40000 10.07918 0.8142688870 2.4236141927    0.745  2.084  3.7106  2.020    7  0.000  0.523     0.00     0.00     0.00     0.00     0.00 -1  -1.2e-09      0.00 7.415e-01 2.562e-01 1.113e-04 3.364e-05 2.845e-04 -1.000 2.253e-03 -0.440 1.022 0.068 -0.476 -0.661 -0.745 -0.773
0.00061788 -1.40000 10.07918 0.8142698407 2.4236145129    0.745  2.121  3.7074  1.970    7  0.000  0.523     0.00     0.00     0.00     0.00     0.00 -1 -1.49e-09      0.00 7.415e-01 2.562e-01 1.113e-04 3.364e-05 2.845e-04 -1.000 2.253e-03 -0.533 0.972 -0.008 -0.567 -0.757 -0.845 -0.875
0.00061788 -1.40000 10.07918 0.8142706752 2.4236147931    0.744  2.151  3.7048  1.930    7  0.000  0.523     0.00     0.00     0.00     0.00     0.00 -1 -1.78e-09      0.00 7.415e-01 2.562e-01 1.113e-04 3.364e-05 2.845e-04 -1.000 2.253e-03 -0.607 0.934 -0.068 -0.638 -0.833 -0.925 -0.955
0.00061788 -1.40000 10.07918 0.8142715096 2.4236150733    0.744  2.172  3.7030  1.902    7  0.000  0.523     0.00     0.00     0.00     0.00     0.00 -1 -2.02e-09      0.00 7.415e-01 2.562e-01 1.113e-04 3.364e-05 2.845e-04 -1.000 2.253e-03 -0.661 0.906 -0.111 -0.690 -0.888 -0.982 -1.013
0.00061788 -1.40000 10.07918 0.8142728806 2.4236155336    0.744  2.180  3.7024  1.891    7  0.000  0.523     0.00     0.00     0.00     0.00     0.00 -1 -2.11e-09      0.00 7.415e-01 2.562e-01 1.113e-04 3.364e-05 2.845e-04 -1.000 2.253e-03 -0.679 0.896 -0.126 -0.708 -0.907 -1.002 -1.034
0.00061788 -1.40000 10.07918 0.8142753839 2.4236163742    0.744  2.161  3.7041  1.917    7  0.000  0.523     0.00     0.00     0.00     0.00     0.00 -1 -1.88e-09      0.00 7.415e-01 2.562e-01 1.113e-04 3.364e-05 2.845e-04 -1.000 2.253e-03 -0.632 0.920 -0.088 -0.662 -0.858 -0.950 -0.982
0.00061788 -1.40000 10.07918 0.8142793775 2.4236177152    0.744  2.147  3.7052  1.936    7  0.000  0.523     0.00     0.00     0.00     0.00     0.00 -1 -1.74e-09      0.00 7.415e-01 2.562e-01 1.113e-04 3.364e-05 2.845e-04 -1.000 2.253e-03 -0.597 0.938 -0.060 -0.628 -0.823 -0.913 -0.944
0.00061788 -1.40000 10.07918 0.8143040538 2.4236260006    0.742  2.157  3.7043  1.920    7  0.000  0.523     0.00     0.00     0.00     0.00     0.00 -1 -1.86e-09      0.00 7.415e-01 2.562e-01 1.113e-04 3.364e-05 2.845e-04 -1.000 2.253e-03 -0.623 0.926 -0.080 -0.653 -0.849 -0.941 -0.972
0.00061788 -1.40000 10.07918 0.8143219948 2.4236320242    0.740  2.183  3.7020  1.884    7  0.000  0.523     0.00     0.00     0.00     0.00     0.00 -1  -2.2e-09      0.00 7.415e-01 2.562e-01 1.113e-04 3.364e-05 2.845e-04 -1.000 2.253e-03 -0.688 0.893 -0.132 -0.716 -0.916 -1.011 -1.043
0.00061788 -1.40000 10.07918 0.8143408895 2.4236383677    0.738  2.229  3.6981  1.821    7  0.000  0.523     0.00     0.00     0.00     0.00     0.00 -1 -2.91e-09      0.00 7.415e-01 2.562e-01 1.113e-04 3.364e-05 2.845e-04 -1.000 2.253e-03 -0.803 0.836 -0.224 -0.826 -1.034 -1.133 -1.168
0.00061788 -1.40000 10.07918 0.8143592477 2.4236445307    0.735  2.274  3.6944  1.760    7  0.000  0.523     0.00     0.00     0.00     0.00     0.00 -1 -3.83e-09      0.00 7.415e-01 2.562e-01 1.113e-04 3.364e-05 2.845e-04 -1.000 2.253e-03 -0.915 0.781 -0.313 -0.933 -1.147 -1.252 -1.289
0.00061788 -1.40000 10.07918 0.8143754005 2.4236499531    0.731  2.316  3.6910  1.702    7  0.000  0.523     0.00     0.00     0.00     0.00     0.00 -1 -4.99e-09      0.00 7.415e-01 2.562e-01 1.113e-04 3.364e-05 2.845e-04 -1.000 2.253e-03 -1.021 0.729 -0.398 -1.033 -1.254 -1.363 -1.402
0.00061788 -1.40000 10.07918 0.8143896461 2.4236547351    0.727  2.358  3.6878  1.645    7  0.000  0.523     0.00     0.00     0.00     0.00     0.00 -1 -6.45e-09      0.00 7.415e-01 2.562e-01 1.113e-04 3.364e-05 2.845e-04 -1.000 2.245e-03 -1.125 0.679 -0.480 -1.131 -1.359 -1.472 -1.513
0.00061788 -1.40000 10.07918 0.8144021034 2.4236589166    0.723  2.399  3.6846  1.589    7  0.000  0.522     0.00     0.00     0.00     0.00     0.00 -1 -8.29e-09      0.00 7.415e-01 2.563e-01 1.112e-04 3.364e-05 2.845e-04 -1.000 2.197e-03 -1.227 0.638 -0.559 -1.229 -1.462 -1.579 -1.622
0.00061788 -1.40000 10.07918 0.8144130707 2.4236625978    0.718  2.439  3.6814  1.533    7  0.000  0.522     0.00     0.00     0.00     0.00     0.00 -1 -1.06e-08      0.00 7.415e-01 2.563e-01 1.112e-04 3.365e-05 2.845e-04 -1.000 2.147e-03 -1.328 0.612 -0.636 -1.327 -1.565 -1.687 -1.731
0.00061788 -1.40000 10.07918 0.8144228458 2.4236658788    0.712  2.479  3.6783  1.477    7  0.000  0.521     0.00     0.00     0.00     0.00     0.00 -1 -1.36e-08      0.00 7.415e-01 2.563e-01 1.110e-04 3.373e-05 2.845e-04 -1.000 2.122e-03 -1.428 0.590 -0.710 -1.425 -1.669 -1.794 -1.841
0.00061788 -1.40000 10.07918 0.8144317865 2.4236688796    0.706  2.520  3.6751  1.419    7  0.000  0.518     7.63     5.98     4.22     3.28     2.65  3 -1.76e-08      0.00 7.415e-01 2.564e-01 1.104e-04 3.412e-05 2.845e-04 -1.000 2.058e-03 -1.529 0.577 -0.782 -1.522 -1.772 -1.902 -1.950
0.00061788 -1.40000 10.07918 0.8144399524 2.4236716203    0.698  2.560  3.6709  1.357    7  0.000  0.512     8.68     6.67     4.68     3.65     2.95  3 -2.29e-08      0.00 7.415e-01 2.564e-01 1.091e-04 3.531e-05 2.845e-04 -1.000 2.022e-03 -1.630 0.598 -0.841 -1.618 -1.876 -2.011 -2.063
0.00061788 -1.40000 10.07918 0.8144456744 2.4236735407    0.691  2.591  3.6671  1.307    7  0.000  0.505     9.63     7.29     5.09     3.97     3.21  2 -2.81e-08      0.00 7.415e-01 2.565e-01 1.077e-04 3.685e-05 2.845e-04 -1.000 1.989e-03 -1.707 0.639 -0.877 -1.687 -1.954 -2.094 -2.148
0.00061788 -1.40000 10.07918 0.8144527674 2.4236759212    0.680  2.631  3.6601  1.232    7  0.000  0.494    11.27     8.32     5.78     4.52     3.65  2 -3.74e-08      0.00 7.415e-01 2.566e-01 1.055e-04 3.954e-05 2.845e-04 -1.000 1.933e-03 -1.808 0.764 -0.897 -1.774 -2.055 -2.205 -2.264
0.00061788 -1.40000 10.07918 0.8144595623 2.4236782017    0.666  2.672  3.6567  1.168    7  0.000  0.483    12.83     9.28     6.41     5.02     4.06  2 -4.95e-08      0.00 7.415e-01 2.566e-01 1.033e-04 4.220e-05 2.845e-04 -1.000 1.932e-03 -1.910 0.784 -0.954 -1.865 -2.155 -2.310 -2.372
0.00061788 -1.40000 10.07918 0.8144660592 2.4236803821    0.648  2.713  3.6536  1.103    7  0.000  0.474    14.64    10.36     7.12     5.60     4.53  2 -6.68e-08      0.00 7.414e-01 2.567e-01 1.013e-04 4.455e-05 2.844e-04 -1.000 1.911e-03 -2.012 0.779 -1.017 -1.955 -2.254 -2.414 -2.479
0.00061788 -1.40000 10.07918 0.8144724369 2.4236825224    0.623  2.754  3.6510  1.035    7  0.000  0.466    16.79    11.61     7.93     6.25     5.06  1 -9.32e-08      0.00 7.413e-01 2.568e-01 9.967e-05 4.660e-05 2.844e-04 -1.000 1.895e-03 -2.115 0.766 -1.085 -2.048 -2.354 -2.518 -2.586
0.00061788 -1.40000 10.07918 0.8144782782 2.4236844827    0.592  2.794  3.6498  0.967    7  0.000  0.460    19.19    12.96     8.79     6.96     5.63  1 -1.35e-07      0.00 7.413e-01 2.569e-01 9.829e-05 4.831e-05 2.844e-04 -1.000 1.853e-03 -2.216 0.732 -1.161 -2.143 -2.455 -2.622 -2.690
0.00061788 -1.40000 10.07918 0.8144835234 2.4236862429    0.550  2.834  3.6543  0.913    7  0.000  0.454    21.19    14.01     9.46     7.51     6.07  1 -2.02e-07      0.00 7.412e-01 2.570e-01 9.703e-05 4.983e-05 2.844e-04 -1.000 1.837e-03 -2.316 0.576 -1.294 -2.262 -2.567 -2.727 -2.792
0.00061788 -1.40000 10.07918 0.8144859672 2.4236870630    0.512  2.854  3.6639  0.900    7  0.000  0.450    21.48    14.09     9.49     7.56     6.11  1 -2.48e-07      0.00 7.411e-01 2.570e-01 9.619e-05 5.090e-05 2.843e-04 -1.000 1.834e-03 -2.366 0.253 -1.455 -2.344 -2.627 -2.773 -2.831
0.00061788 -1.40000 10.07918 1.1217594147 2.4952569506    0.551 -9.999  3.5691  7.967    9  0.552  0.000     0.00     0.00     0.00     0.00     0.00 -1    -1e-30      0.00 7.286e-01 2.709e-01 8.544e-05 7.366e-05 2.853e-04 -1.000 5.454e-04 29.767 33.926 31.711 30.200 29.506 29.218 29.127
#isochrone terminated
