# File generated by CMD 3.7 (http://stev.oapd.inaf.it/cmd) on Thu Feb  1 19:55:03 UTC 2024
# isochrones based on PARSEC release v1.2S +  COLIBRI S_37 + S_35 + PR16
# Basic references: Bressan et al. (2012), MNRAS, 427, 127 + Chen et al. (2014, 2015), MNRAS, 444, 2525 + MNRAS, 452, 1068 + Tang et al. (2014), MNRAS, 445, 4287 + Marigo et al. (2017), ApJ, 835, 77 + Pastorelli al. (2019), MNRAS, 485, 5666 + Pastorelli al. (2020), MNRAS, in press
# Thermal pulse cycles included 
# On RGB, assumed Reimers mass loss with efficiency eta=0.2
# LPV periods and growth rates added cf. Trabucchi et al. (2019)
# but fundamental-mode LPV periods are from Trabucchi et al. (2021)
# Photometric system: DECAM (ABmags)
# Using YBC version of bolometric corrections as in Chen et al. (2019)
# O-rich circumstellar dpmod60alox40 dust from Groenewegen (2006)
# C-rich circumstellar AMCSIC15 dust from Groenewegen (2006)
# IMF: Kroupa (2001, 2002) + Kroupa et al. (2013) canonical two-part-power law IMF corrected for unresolved binaries 
# Kind of output: isochrone tables
# Zini     MH   logAge Mini        int_IMF         Mass   logL    logTe  logg  label   McoreTP C_O  period0  period1  period2  period3  period4  pmode  Mloss  tau1m   X   Y   Xc  Xn  Xo  Cexcess  Z 	 mbolmag  umag    gmag    rmag    imag    zmag    Ymag
0.00039019 -1.60000 10.07918 0.0900000036 1.0816895926    0.090 -3.187  3.4783  5.445    1  0.000  0.545     0.00     0.00     0.00     0.00     0.00 -1 -5.16e-17      0.00 7.481e-01 2.515e-01 7.531e-05 2.032e-05 1.843e-04 -1.000 4.188e-04 12.739 17.877 16.124 14.193 12.590 12.071 11.967
0.00039019 -1.60000 10.07918 0.0956584588 1.1337812957    0.096 -3.006  3.5045  5.395    1  0.000  0.545     0.00     0.00     0.00     0.00     0.00 -1 -8.05e-17      0.00 7.469e-01 2.526e-01 7.531e-05 2.032e-05 1.843e-04 -1.000 4.188e-04 12.285 17.283 15.158 13.329 12.107 11.677 11.569
0.00039019 -1.60000 10.07918 0.1000000015 1.1711064122    0.100 -2.874  3.5235  5.358    1  0.000  0.545     0.00     0.00     0.00     0.00     0.00 -1 -1.11e-16      0.00 7.460e-01 2.535e-01 7.531e-05 2.032e-05 1.843e-04 -1.000 4.188e-04 11.955 16.741 14.492 12.756 11.761 11.382 11.275
0.00039019 -1.60000 10.07918 0.1200000048 1.3193154741    0.120 -2.586  3.5545  5.273    1  0.000  0.545     0.00     0.00     0.00     0.00     0.00 -1 -2.17e-16      0.00 7.433e-01 2.563e-01 7.531e-05 2.032e-05 1.843e-04 -1.000 4.188e-04 11.235 15.491 13.280 11.723 11.018 10.705 10.604
0.00039019 -1.60000 10.07918 0.1400000006 1.4384526719    0.140 -2.404  3.5697  5.218    1  0.000  0.545     0.00     0.00     0.00     0.00     0.00 -1 -3.26e-16      0.00 7.412e-01 2.583e-01 7.531e-05 2.032e-05 1.843e-04 -1.000 4.188e-04 10.779 14.722 12.608 11.149 10.554 10.269 10.173
0.00039019 -1.60000 10.07918 0.1599999964 1.5372931554    0.160 -2.261  3.5797  5.174    1  0.000  0.545     0.00     0.00     0.00     0.00     0.00 -1 -4.46e-16      0.00 7.399e-01 2.597e-01 7.531e-05 2.032e-05 1.843e-04 -1.000 4.188e-04 10.422 14.160 12.120 10.731 10.191 9.923 9.831
0.00039019 -1.60000 10.07918 0.2000000179 1.6938791367    0.200 -2.040  3.5927  5.101    1  0.000  0.545     0.00     0.00     0.00     0.00     0.00 -1 -7.22e-16      0.00 7.388e-01 2.608e-01 7.531e-05 2.032e-05 1.843e-04 -1.000 4.188e-04 9.869 13.331 11.405 10.115 9.632 9.384 9.298
0.00039019 -1.60000 10.07918 0.2268748581 1.7778276926    0.227 -1.925  3.5989  5.066    1  0.000  0.545     0.00     0.00     0.00     0.00     0.00 -1  -6.8e-16      0.00 7.388e-01 2.608e-01 7.530e-05 2.032e-05 1.843e-04 -1.000 4.188e-04 9.582 12.921 11.045 9.802 9.341 9.103 9.020
0.00039019 -1.60000 10.07918 0.2500000000 1.8403257998    0.250 -1.836  3.6037  5.039    1  0.000  0.545     0.00     0.00     0.00     0.00     0.00 -1 -6.22e-16      0.00 7.388e-01 2.608e-01 7.530e-05 2.032e-05 1.843e-04 -1.000 4.188e-04 9.361 12.608 10.770 9.563 9.118 8.887 8.806
0.00039019 -1.60000 10.07918 0.3000000417 1.9529140366    0.300 -1.681  3.6124  4.998    1  0.000  0.545     0.00     0.00     0.00     0.00     0.00 -1 -1.51e-15      0.00 7.390e-01 2.606e-01 7.529e-05 2.032e-05 1.843e-04 -1.000 4.188e-04 8.974 12.061 10.288 9.143 8.725 8.507 8.431
0.00039019 -1.60000 10.07918 0.3283050656 2.0063557188    0.328 -1.608  3.6168  4.981    1  0.000  0.545     0.00     0.00     0.00     0.00     0.00 -1 -1.75e-15      0.00 7.389e-01 2.606e-01 7.527e-05 2.032e-05 1.843e-04 -1.000 4.188e-04 8.790 11.802 10.058 8.944 8.538 8.327 8.253
0.00039019 -1.60000 10.07918 0.3499999940 2.0434174644    0.350 -1.556  3.6200  4.970    1  0.000  0.545     0.00     0.00     0.00     0.00     0.00 -1 -1.94e-15      0.00 7.389e-01 2.606e-01 7.526e-05 2.032e-05 1.843e-04 -1.000 4.188e-04 8.659 11.618 9.895 8.803 8.405 8.199 8.127
0.00039019 -1.60000 10.07918 0.3884971440 2.1023510267    0.388 -1.447  3.6284  4.940    1  0.000  0.545     0.00     0.00     0.00     0.00     0.00 -1 -2.44e-15      0.00 7.478e-01 2.518e-01 7.530e-05 2.032e-05 1.843e-04 -1.000 4.188e-04 8.387 11.207 9.539 8.505 8.131 7.937 7.869
0.00039019 -1.60000 10.07918 0.4000000060 2.1185024399    0.400 -1.416  3.6308  4.931    1  0.000  0.545     0.00     0.00     0.00     0.00     0.00 -1 -2.61e-15      0.00 7.503e-01 2.493e-01 7.531e-05 2.032e-05 1.843e-04 -1.000 4.187e-04 8.311 11.092 9.440 8.421 8.054 7.864 7.797
0.00039019 -1.60000 10.07918 0.4499999881 2.1822809009    0.450 -1.247  3.6487  4.884    1  0.000  0.545     0.00     0.00     0.00     0.00     0.00 -1 -3.84e-15      0.00 7.505e-01 2.491e-01 7.531e-05 2.032e-05 1.843e-04 -1.000 4.188e-04 7.886 10.387 8.850 7.944 7.623 7.460 7.402
0.00039019 -1.60000 10.07918 0.5000000000 2.2374541529    0.500 -1.056  3.6728  4.836    1  0.000  0.545     0.00     0.00     0.00     0.00     0.00 -1 -5.97e-15      0.00 7.505e-01 2.491e-01 7.531e-05 2.032e-05 1.843e-04 -1.000 4.188e-04 7.410 9.527 8.175 7.410 7.145 7.015 6.970
0.00039019 -1.60000 10.07918 0.5500000715 2.2836583126    0.550 -0.843  3.6967  4.760    1  0.000  0.544     0.00     0.00     0.00     0.00     0.00 -1 -1.01e-14      0.00 7.848e-01 2.148e-01 6.560e-05 1.771e-05 1.607e-04 -1.000 3.209e-04 6.878 8.625 7.484 6.839 6.620 6.522 6.490
0.00039019 -1.60000 10.07918 0.6000000238 2.3211213258    0.600 -0.634  3.7239  4.697    1  0.000  0.544     0.00     0.00     0.00     0.00     0.00 -1 -1.69e-14      0.00 7.961e-01 2.036e-01 6.261e-05 1.691e-05 1.536e-04 -1.000 3.303e-04 6.354 7.746 6.826 6.293 6.120 6.053 6.035
0.00039019 -1.60000 10.07918 0.6104230881 2.3280472746    0.610 -0.588  3.7303  4.685    1  0.000  0.543     0.00     0.00     0.00     0.00     0.00 -1 -1.89e-14      0.00 7.988e-01 2.008e-01 6.188e-05 1.672e-05 1.518e-04 -1.000 3.362e-04 6.240 7.559 6.685 6.177 6.014 5.954 5.939
0.00039019 -1.60000 10.07918 0.6215451360 2.3351438592    0.621 -0.539  3.7371  4.670    1  0.000  0.543     0.00     0.00     0.00     0.00     0.00 -1 -2.13e-14      0.00 8.019e-01 1.978e-01 6.108e-05 1.650e-05 1.499e-04 -1.000 3.405e-04 6.117 7.366 6.538 6.054 5.901 5.849 5.837
0.00039019 -1.60000 10.07918 0.6323046088 2.3417365926    0.632 -0.491  3.7436  4.656    1  0.000  0.543     0.00     0.00     0.00     0.00     0.00 -1 -2.39e-14      0.00 8.050e-01 1.946e-01 6.027e-05 1.629e-05 1.479e-04 -1.000 3.438e-04 5.998 7.184 6.396 5.935 5.793 5.747 5.739
0.00039019 -1.60000 10.07918 0.6423036456 2.3476362150    0.642 -0.446  3.7495  4.642    1  0.000  0.543     0.00     0.00     0.00     0.00     0.00 -1 -1.57e-16      0.00 8.081e-01 1.916e-01 5.949e-05 1.608e-05 1.460e-04 -1.000 3.407e-04 5.886 7.018 6.265 5.826 5.693 5.653 5.647
0.00039019 -1.60000 10.07918 0.6499999762 2.3520353107    0.650 -0.412  3.7539  4.630    1  0.000  0.543     0.00     0.00     0.00     0.00     0.00 -1 -2.92e-14      0.00 8.105e-01 1.892e-01 5.886e-05 1.591e-05 1.446e-04 -1.000 3.389e-04 5.799 6.891 6.164 5.742 5.616 5.581 5.577
0.00039019 -1.60000 10.07918 0.6581075191 2.3565417049    0.658 -0.375  3.7583  4.616    1  0.000  0.542     0.00     0.00     0.00     0.00     0.00 -1 -3.21e-14      0.00 8.136e-01 1.860e-01 5.803e-05 1.570e-05 1.426e-04 -1.000 3.459e-04 5.706 6.760 6.058 5.653 5.534 5.504 5.502
0.00039019 -1.60000 10.07918 0.6701779962 2.3630190674    0.670 -0.319  3.7647  4.593    1  0.000  0.542     0.00     0.00     0.00     0.00     0.00 -1 -3.71e-14      0.00 8.186e-01 1.810e-01 5.674e-05 1.535e-05 1.395e-04 -1.000 3.424e-04 5.566 6.570 5.900 5.519 5.411 5.387 5.387
0.00039019 -1.60000 10.07918 0.6812666059 2.3687374976    0.681 -0.266  3.7704  4.571    1  0.000  0.542     0.00     0.00     0.00     0.00     0.00 -1 -3.93e-14      0.00 8.236e-01 1.761e-01 5.547e-05 1.501e-05 1.365e-04 -1.000 3.266e-04 5.435 6.397 5.754 5.394 5.294 5.275 5.278
0.00039019 -1.60000 10.07918 0.6918391585 2.3739939406    0.692 -0.214  3.7758  4.547    1  0.000  0.541     0.00     0.00     0.00     0.00     0.00 -1 -3.36e-14      0.00 8.286e-01 1.711e-01 5.418e-05 1.467e-05 1.334e-04 -1.000 2.615e-04 5.305 6.231 5.612 5.271 5.179 5.166 5.170
0.00039019 -1.60000 10.07918 0.6999999881 2.3779266974    0.700 -0.173  3.7798  4.527    1  0.000  0.541     0.00     0.00     0.00     0.00     0.00 -1 -5.48e-14      0.00 8.327e-01 1.671e-01 5.313e-05 1.439e-05 1.309e-04 -1.000 2.664e-04 5.202 6.101 5.499 5.172 5.087 5.078 5.084
0.00039019 -1.60000 10.07918 0.7024201155 2.3790727879    0.702 -0.161  3.7810  4.521    1  0.000  0.541     0.00     0.00     0.00     0.00     0.00 -1 -5.66e-14      0.00 8.341e-01 1.656e-01 5.273e-05 1.429e-05 1.300e-04 -1.000 2.716e-04 5.171 6.063 5.465 5.143 5.060 5.052 5.058
0.00039019 -1.60000 10.07918 0.7120639086 2.3835509171    0.712 -0.109  3.7855  4.493    1  0.000  0.539     0.00     0.00     0.00     0.00     0.00 -1 -6.53e-14      0.00 8.397e-01 1.600e-01 5.114e-05 1.390e-05 1.266e-04 -1.000 2.662e-04 5.043 5.910 5.327 5.020 4.944 4.940 4.948
0.00039019 -1.60000 10.07918 0.7205284834 2.3873680824    0.720 -0.062  3.7893  4.467    1  0.000  0.537     0.00     0.00     0.00     0.00     0.00 -1 -7.47e-14      0.00 8.445e-01 1.552e-01 4.980e-05 1.357e-05 1.236e-04 -1.000 2.615e-04 4.925 5.771 5.199 4.907 4.837 4.837 4.846
0.00039019 -1.60000 10.07918 0.7288860083 2.3910371159    0.728 -0.013  3.7930  4.437    1  0.000  0.535     0.00     0.00     0.00     0.00     0.00 -1 -8.59e-14      0.00 8.490e-01 1.507e-01 4.855e-05 1.327e-05 1.210e-04 -1.000 2.721e-04 4.802 5.629 5.067 4.788 4.724 4.728 4.738
0.00039019 -1.60000 10.07918 0.7360637784 2.3941118612    0.736  0.032  3.7961  4.409    1  0.000  0.533     0.00     0.00     0.00     0.00     0.00 -1 -9.78e-14      0.00 8.527e-01 1.470e-01 4.756e-05 1.302e-05 1.188e-04 -1.000 2.656e-04 4.691 5.503 4.948 4.680 4.621 4.628 4.639
0.00039019 -1.60000 10.07918 0.7430173159 2.3970254958    0.742  0.077  3.7990  4.379    1  0.000  0.532     0.00     0.00     0.00     0.00     0.00 -1 -1.21e-14      0.00 8.560e-01 1.437e-01 4.667e-05 1.281e-05 1.170e-04 -1.000 2.628e-04 4.577 5.375 4.827 4.570 4.515 4.525 4.537
0.00039019 -1.60000 10.07918 0.7499712706 2.3998772531    0.749  0.125  3.8016  4.346    1  0.000  0.530     0.00     0.00     0.00     0.00     0.00 -1 -1.26e-13      0.00 8.591e-01 1.406e-01 4.587e-05 1.262e-05 1.153e-04 -1.000 2.730e-04 4.457 5.242 4.700 4.452 4.402 4.414 4.427
0.00039019 -1.60000 10.07918 0.7500000000 2.3998889087    0.749  0.125  3.8017  4.346    1  0.000  0.530     0.00     0.00     0.00     0.00     0.00 -1 -1.29e-13      0.00 8.591e-01 1.406e-01 4.587e-05 1.262e-05 1.153e-04 -1.000 2.730e-04 4.456 5.242 4.699 4.452 4.402 4.414 4.427
0.00039019 -1.60000 10.07918 0.7548339367 2.4018355306    0.754  0.160  3.8036  4.321    1  0.000  0.530     0.00     0.00     0.00     0.00     0.00 -1 -1.44e-13      0.00 8.601e-01 1.396e-01 4.575e-05 1.259e-05 1.150e-04 -1.000 2.702e-04 4.369 5.146 4.606 4.366 4.319 4.333 4.347
0.00039019 -1.60000 10.07918 0.7613895535 2.4044301110    0.761  0.211  3.8060  4.284    1  0.000  0.530     0.00     0.00     0.00     0.00     0.00 -1 -1.68e-13      0.00 8.613e-01 1.384e-01 4.560e-05 1.255e-05 1.148e-04 -1.000 2.459e-04 4.242 5.008 4.472 4.241 4.198 4.214 4.229
0.00039019 -1.60000 10.07918 0.7673881054 2.4067596052    0.767  0.261  3.8078  4.244    1  0.000  0.529     0.00     0.00     0.00     0.00     0.00 -1 -1.96e-13      0.00 8.623e-01 1.374e-01 4.550e-05 1.253e-05 1.146e-04 -1.000 2.595e-04 4.116 4.874 4.341 4.117 4.077 4.095 4.110
0.00039019 -1.60000 10.07918 0.7729759216 2.4088922293    0.772  0.311  3.8091  4.203    1  0.000  0.529     0.00     0.00     0.00     0.00     0.00 -1  -2.3e-13      0.00 8.619e-01 1.378e-01 4.572e-05 1.259e-05 1.152e-04 -1.000 2.754e-04 3.992 4.744 4.212 3.993 3.956 3.975 3.990
0.00039019 -1.60000 10.07918 0.7768041492 2.4103329462    0.776  0.347  3.8097  4.172    1  0.000  0.529     0.00     0.00     0.00     0.00     0.00 -1 -2.59e-13      0.00 8.614e-01 1.383e-01 4.593e-05 1.265e-05 1.157e-04 -1.000 2.856e-04 3.903 4.651 4.119 3.903 3.867 3.887 3.903
0.00039019 -1.60000 10.07918 0.7781973481 2.4108532194    0.777  0.361  3.8096  4.158    1  0.000  0.529     0.00     0.00     0.00     0.00     0.00 -1 -2.72e-13      0.00 8.612e-01 1.386e-01 4.602e-05 1.268e-05 1.160e-04 -1.000 2.875e-04 3.867 4.615 4.083 3.867 3.831 3.851 3.866
0.00039019 -1.60000 10.07918 0.7836121321 2.4128551173    0.782  0.421  3.8082  4.095    1  0.000  0.529     0.00     0.00     0.00     0.00     0.00 -1 -3.32e-13      0.00 8.603e-01 1.394e-01 4.635e-05 1.277e-05 1.168e-04 -1.000 2.955e-04 3.718 4.470 3.934 3.715 3.678 3.697 3.711
0.00039019 -1.60000 10.07918 0.7877283096 2.4143557517    0.786  0.473  3.8051  4.033    1  0.000  0.529     0.00     0.00     0.00     0.00     0.00 -1 -4.02e-13      0.00 8.596e-01 1.401e-01 4.661e-05 1.284e-05 1.175e-04 -1.000 3.014e-04 3.587 4.350 3.809 3.581 3.539 3.555 3.568
0.00039019 -1.60000 10.07918 0.7884299159 2.4146097395    0.787  0.483  3.8043  4.020    1  0.000  0.529     0.00     0.00     0.00     0.00     0.00 -1 -4.19e-13      0.00 8.595e-01 1.402e-01 4.665e-05 1.285e-05 1.176e-04 -1.000 3.023e-04 3.562 4.328 3.786 3.556 3.513 3.528 3.541
0.00039019 -1.60000 10.07918 0.7891134024 2.4148566683    0.788  0.494  3.8032  4.006    1  0.000  0.529     0.00     0.00     0.00     0.00     0.00 -1 -4.37e-13      0.00 8.594e-01 1.403e-01 4.669e-05 1.286e-05 1.177e-04 -1.000 3.033e-04 3.536 4.306 3.762 3.528 3.484 3.498 3.510
0.00039019 -1.60000 10.07918 0.7914068103 2.4156816438    0.790  0.531  3.7983  3.950    2  0.000  0.529     0.00     0.00     0.00     0.00     0.00 -1 -5.04e-13      0.00 8.591e-01 1.406e-01 4.683e-05 1.290e-05 1.180e-04 -1.000 3.066e-04 3.442 4.231 3.678 3.429 3.378 3.387 3.398
0.00039019 -1.60000 10.07918 0.7931563854 2.4163073061    0.792  0.564  3.7926  3.895    2  0.000  0.529     0.00     0.00     0.00     0.00     0.00 -1 -5.79e-13      0.00 8.585e-01 1.412e-01 4.704e-05 1.296e-05 1.186e-04 -1.000 3.091e-04 3.360 4.173 3.608 3.342 3.282 3.285 3.294
0.00039019 -1.60000 10.07918 0.7945235372 2.4167940057    0.793  0.594  3.7855  3.837    2  0.000  0.529     0.00     0.00     0.00     0.00     0.00 -1 -6.62e-13      0.00 8.569e-01 1.428e-01 4.758e-05 1.311e-05 1.199e-04 -1.000 3.125e-04 3.286 4.133 3.551 3.262 3.191 3.187 3.193
0.00039019 -1.60000 10.07918 0.7956237793 2.4171842902    0.794  0.620  3.7782  3.783    2  0.000  0.530     0.00     0.00     0.00     0.00     0.00 -1 -7.48e-13      0.00 8.443e-01 1.553e-01 5.147e-05 1.416e-05 1.295e-04 -1.000 3.151e-04 3.221 4.106 3.505 3.191 3.109 3.098 3.102
0.00039019 -1.60000 10.07918 0.7965454459 2.4175102752    0.795  0.643  3.7708  3.730    2  0.000  0.531     0.00     0.00     0.00     0.00     0.00 -1 -8.38e-13      0.00 8.242e-01 1.755e-01 5.685e-05 1.561e-05 1.425e-04 -1.000 3.228e-04 3.162 4.090 3.466 3.127 3.033 3.015 3.016
0.00039019 -1.60000 10.07918 0.7973574996 2.4177967730    0.796  0.667  3.7636  3.678    2  0.000  0.534     0.00     0.00     0.00     0.00     0.00 -1 -3.61e-13      0.00 8.028e-01 1.968e-01 6.176e-05 1.693e-05 1.542e-04 -1.000 3.402e-04 3.102 4.076 3.426 3.063 2.958 2.933 2.931
0.00039019 -1.60000 10.07918 0.7980771065 2.4180500947    0.796  0.693  3.7570  3.626    2  0.000  0.535     0.00     0.00     0.00     0.00     0.00 -1 -3.45e-13      0.00 7.880e-01 2.116e-01 6.515e-05 1.784e-05 1.623e-04 -1.000 3.437e-04 3.037 4.056 3.381 2.995 2.879 2.847 2.843
0.00039019 -1.60000 10.07918 0.7987889647 2.4183001723    0.797  0.727  3.7508  3.567    2  0.000  0.536     0.00     0.00     0.00     0.00     0.00 -1 -6.03e-13      0.00 7.785e-01 2.212e-01 6.736e-05 1.843e-05 1.676e-04 -1.000 3.773e-04 2.952 4.016 3.316 2.908 2.783 2.744 2.738
0.00039019 -1.60000 10.07918 0.7993503809 2.4184970380    0.798  0.762  3.7465  3.516    2  0.000  0.536     0.00     0.00     0.00     0.00     0.00 -1 -9.63e-13      0.00 7.736e-01 2.261e-01 6.851e-05 1.874e-05 1.704e-04 -1.000 3.777e-04 2.865 3.961 3.243 2.821 2.689 2.646 2.637
0.00039019 -1.60000 10.07918 0.7997338176 2.4186313109    0.798  0.789  3.7439  3.479    2  0.000  0.536     0.00     0.00     0.00     0.00     0.00 -1 -1.34e-12      0.00 7.710e-01 2.287e-01 6.911e-05 1.889e-05 1.718e-04 -1.000 3.459e-04 2.797 3.913 3.184 2.753 2.617 2.571 2.562
0.00039019 -1.60000 10.07918 0.7999115586 2.4186935025    0.798  0.804  3.7430  3.460    2  0.000  0.536     0.00     0.00     0.00     0.00     0.00 -1 -1.58e-12      0.00 7.700e-01 2.296e-01 6.932e-05 1.895e-05 1.723e-04 -1.000 3.435e-04 2.761 3.883 3.151 2.717 2.579 2.532 2.522
0.00039019 -1.60000 10.07918 0.8000000119 2.4187244405    0.798  0.811  3.7425  3.451    2  0.000  0.536     0.00     0.00     0.00     0.00     0.00 -1 -1.71e-12      0.00 7.696e-01 2.301e-01 6.941e-05 1.897e-05 1.725e-04 -1.000 3.562e-04 2.742 3.867 3.133 2.698 2.559 2.512 2.502
0.00039019 -1.60000 10.07918 0.8003908992 2.4188610655    0.799  0.845  3.7406  3.410    3  0.000  0.537     0.00     0.00     0.00     0.00     0.00 -1 -1.92e-12      0.00 7.675e-01 2.321e-01 6.983e-05 1.909e-05 1.735e-04 -1.000 4.122e-04 2.658 3.798 3.056 2.614 2.473 2.423 2.412
0.00039019 -1.60000 10.07918 0.8009156585 2.4190442411    0.799  0.894  3.7382  3.352    3  0.000  0.537     0.00     0.00     0.00     0.00     0.00 -1  -2.3e-12      0.00 7.652e-01 2.345e-01 7.027e-05 1.920e-05 1.746e-04 -1.000 3.824e-04 2.535 3.695 2.941 2.492 2.347 2.295 2.282
0.00039019 -1.60000 10.07918 0.8013611436 2.4191995283    0.799  0.939  3.7365  3.300    3  0.000  0.537     0.00     0.00     0.00     0.00     0.00 -1 -2.71e-12      0.00 7.633e-01 2.363e-01 7.059e-05 1.929e-05 1.753e-04 -1.000 3.817e-04 2.423 3.598 2.836 2.380 2.233 2.178 2.165
0.00039019 -1.60000 10.07918 0.8017867804 2.4193477113    0.800  0.985  3.7348  3.247    3  0.000  0.537     0.00     0.00     0.00     0.00     0.00 -1 -3.19e-12      0.00 7.616e-01 2.380e-01 7.083e-05 1.936e-05 1.759e-04 -1.000 4.188e-04 2.308 3.497 2.727 2.266 2.116 2.060 2.045
0.00039019 -1.60000 10.07918 0.8022192121 2.4194980749    0.800  1.035  3.7332  3.191    3  0.000  0.537     0.00     0.00     0.00     0.00     0.00 -1 -3.82e-12      0.00 7.598e-01 2.398e-01 7.105e-05 1.943e-05 1.765e-04 -1.000 4.176e-04 2.183 3.385 2.607 2.142 1.989 1.931 1.916
0.00039019 -1.60000 10.07918 0.8026165366 2.4196360668    0.800  1.085  3.7316  3.135    3  0.000  0.536     0.00     0.00     0.00     0.00     0.00 -1 -4.57e-12      0.00 7.582e-01 2.414e-01 7.119e-05 1.948e-05 1.769e-04 -1.000 4.121e-04 2.058 3.272 2.488 2.018 1.863 1.803 1.787
0.00039019 -1.60000 10.07918 0.8029732108 2.4197598071    0.801  1.133  3.7301  3.081    3  0.000  0.536     0.00     0.00     0.00     0.00     0.00 -1 -5.44e-12      0.00 7.567e-01 2.429e-01 7.124e-05 1.954e-05 1.773e-04 -1.000 3.889e-04 1.937 3.163 2.373 1.898 1.740 1.679 1.662
0.00039019 -1.60000 10.07918 0.8032851219 2.4198679141    0.801  1.179  3.7287  3.030    3  0.000  0.535     0.00     0.00     0.00     0.00     0.00 -1 -6.41e-12      0.00 7.554e-01 2.442e-01 7.123e-05 1.961e-05 1.775e-04 -1.000 3.759e-04 1.823 3.061 2.264 1.784 1.625 1.562 1.544
0.00039019 -1.60000 10.07918 0.8035888672 2.4199730982    0.801  1.228  3.7273  2.975    3  0.000  0.534     0.00     0.00     0.00     0.00     0.00 -1 -7.64e-12      0.00 7.542e-01 2.454e-01 7.113e-05 1.971e-05 1.778e-04 -1.000 4.168e-04 1.701 2.952 2.147 1.664 1.502 1.437 1.418
0.00039019 -1.60000 10.07918 0.8038802743 2.4200739238    0.801  1.279  3.7257  2.918    3  0.000  0.532     0.00     0.00     0.00     0.00     0.00 -1 -9.17e-12      0.00 7.532e-01 2.464e-01 7.096e-05 1.986e-05 1.779e-04 -1.000 3.932e-04 1.573 2.839 2.026 1.537 1.373 1.306 1.287
0.00039019 -1.60000 10.07918 0.8041246533 2.4201584131    0.801  1.325  3.7242  2.865    3  0.000  0.530     0.00     0.00     0.00     0.00     0.00 -1 -1.09e-11      0.00 7.523e-01 2.473e-01 7.076e-05 2.003e-05 1.781e-04 -1.000 3.721e-04 1.456 2.735 1.915 1.421 1.255 1.186 1.166
0.00039019 -1.60000 10.07918 0.8043475151 2.4202354118    0.801  1.372  3.7227  2.813    3  0.000  0.529     0.00     0.00     0.00     0.00     0.00 -1 -1.28e-11      0.00 7.516e-01 2.479e-01 7.056e-05 2.022e-05 1.782e-04 -1.000 4.184e-04 1.341 2.633 1.805 1.306 1.138 1.067 1.046
0.00039019 -1.60000 10.07918 0.8045570850 2.4203077734    0.801  1.419  3.7211  2.759    3  0.000  0.527     0.00     0.00     0.00     0.00     0.00 -1 -1.52e-11      0.00 7.511e-01 2.485e-01 7.035e-05 2.042e-05 1.783e-04 -1.000 4.168e-04 1.222 2.528 1.692 1.189 1.018 0.945 0.924
0.00039019 -1.60000 10.07918 0.8047423363 2.4203717019    0.802  1.465  3.7195  2.707    3  0.000  0.525     0.00     0.00     0.00     0.00     0.00 -1  -1.8e-11      0.00 7.507e-01 2.489e-01 7.019e-05 2.059e-05 1.783e-04 -1.000 4.157e-04 1.108 2.429 1.584 1.075 0.902 0.827 0.805
0.00039019 -1.60000 10.07918 0.8049185276 2.4204324726    0.801  1.513  3.7178  2.653    3  0.000  0.524     0.00     0.00     0.00     0.00     0.00 -1 -2.13e-11      0.00 7.504e-01 2.492e-01 7.006e-05 2.072e-05 1.784e-04 -1.000 4.171e-04 0.989 2.326 1.472 0.958 0.782 0.705 0.682
0.00039019 -1.60000 10.07918 0.8050738573 2.4204860225    0.801  1.559  3.7162  2.600    3  0.000  0.524     0.00     0.00     0.00     0.00     0.00 -1 -2.52e-11      0.00 7.502e-01 2.493e-01 6.999e-05 2.081e-05 1.784e-04 -1.000 4.187e-04 0.873 2.227 1.365 0.844 0.665 0.587 0.563
0.00039019 -1.60000 10.07918 0.8052120805 2.4205336549    0.801  1.603  3.7145  2.549    3  0.000  0.523     0.00     0.00     0.00     0.00     0.00 -1 -2.96e-11      0.00 7.501e-01 2.495e-01 6.994e-05 2.086e-05 1.784e-04 -1.000 4.188e-04 0.762 2.132 1.261 0.735 0.553 0.473 0.448
0.00039019 -1.60000 10.07918 0.8053437471 2.4205790105    0.801  1.649  3.7128  2.496    3  0.000  0.523     0.00     0.00     0.00     0.00     0.00 -1  -3.5e-11      0.00 7.501e-01 2.495e-01 6.992e-05 2.088e-05 1.784e-04 -1.000 4.188e-04 0.647 2.033 1.153 0.621 0.436 0.354 0.328
0.00039019 -1.60000 10.07918 0.8054629564 2.4206200601    0.801  1.695  3.7110  2.443    3  0.000  0.523     0.00     0.00     0.00     0.00     0.00 -1 -4.13e-11      0.00 7.501e-01 2.495e-01 6.992e-05 2.089e-05 1.784e-04 -1.000 4.188e-04 0.533 1.940 1.047 0.508 0.320 0.236 0.209
0.00039019 -1.60000 10.07918 0.8055679202 2.4206561927    0.801  1.739  3.7092  2.392    3  0.000  0.523     0.00     0.00     0.00     0.00     0.00 -1 -4.85e-11      0.00 7.501e-01 2.495e-01 6.992e-05 2.089e-05 1.784e-04 -1.000 4.188e-04 0.423 1.851 0.945 0.399 0.209 0.123 0.095
0.00039019 -1.60000 10.07918 0.8056643009 2.4206893611    0.801  1.782  3.7075  2.341    3  0.000  0.523     0.00     0.00     0.00     0.00     0.00 -1 -5.68e-11      0.00 7.501e-01 2.495e-01 6.991e-05 2.090e-05 1.784e-04 -1.000 4.189e-04 0.315 1.764 0.845 0.292 0.099 0.010 -0.019
0.00039019 -1.60000 10.07918 0.8057576418 2.4207214747    0.801  1.828  3.7056  2.288    3  0.000  0.523     0.00     0.00     0.00     0.00     0.00 -1  -6.7e-11      0.00 7.501e-01 2.495e-01 6.991e-05 2.090e-05 1.784e-04 -1.000 4.187e-04 0.201 1.674 0.741 0.180 -0.016 -0.107 -0.137
0.00039019 -1.60000 10.07918 0.8058393002 2.4207495620    0.800  1.871  3.7038  2.238    3  0.000  0.523     0.00     0.00     0.00     0.00     0.00 -1 -7.85e-11      0.00 7.501e-01 2.495e-01 6.990e-05 2.091e-05 1.784e-04 -1.000 4.189e-04 0.093 1.589 0.642 0.074 -0.126 -0.219 -0.250
0.00039019 -1.60000 10.07918 0.8059144616 2.4207754088    0.800  1.913  3.7019  2.188    3  0.000  0.523     0.00     0.00     0.00     0.00     0.00 -1 -9.18e-11      0.00 7.501e-01 2.495e-01 6.990e-05 2.091e-05 1.784e-04 -1.000 4.188e-04 -0.013 1.505 0.545 -0.031 -0.234 -0.330 -0.361
0.00039019 -1.60000 10.07918 0.8059855700 2.4207998567    0.800  1.957  3.7001  2.137    3  0.000  0.523     0.00     0.00     0.00     0.00     0.00 -1 -1.08e-10      0.00 7.501e-01 2.495e-01 6.990e-05 2.092e-05 1.784e-04 -1.000 4.188e-04 -0.122 1.421 0.447 -0.138 -0.344 -0.442 -0.475
0.00039019 -1.60000 10.07918 0.8060481548 2.4208213700    0.800  1.997  3.6982  2.089    3  0.000  0.523     0.00     0.00     0.00     0.00     0.00 -1 -1.25e-10      0.00 7.501e-01 2.495e-01 6.989e-05 2.092e-05 1.784e-04 -1.000 4.188e-04 -0.223 1.345 0.356 -0.237 -0.446 -0.546 -0.580
0.00039019 -1.60000 10.07918 0.8061084747 2.4208421012    0.799  2.036  3.6964  2.042    3  0.000  0.523     0.00     0.00     0.00     0.00     0.00 -1 -1.44e-10      0.00 7.501e-01 2.495e-01 6.989e-05 2.092e-05 1.784e-04 -1.000 4.189e-04 -0.321 1.271 0.268 -0.332 -0.545 -0.647 -0.682
0.00039019 -1.60000 10.07918 0.8061710596 2.4208636069    0.799  2.073  3.6947  1.998    3  0.000  0.523     0.00     0.00     0.00     0.00     0.00 -1 -1.65e-10      0.00 7.500e-01 2.495e-01 6.989e-05 2.093e-05 1.784e-04 -1.000 4.188e-04 -0.413 1.201 0.185 -0.423 -0.638 -0.743 -0.778
0.00039019 -1.60000 10.07918 0.8062269688 2.4208828155    0.798  2.098  3.6937  1.969    3  0.000  0.523     0.00     0.00     0.00     0.00     0.00 -1 -1.81e-10      0.00 7.500e-01 2.495e-01 6.989e-05 2.093e-05 1.784e-04 -1.000 4.188e-04 -0.475 1.157 0.130 -0.483 -0.701 -0.806 -0.843
0.00039019 -1.60000 10.07918 0.8062681556 2.4208969640    0.798  2.085  3.6946  1.985    3  0.000  0.523     0.00     0.00     0.00     0.00     0.00 -1 -1.74e-10      0.00 7.500e-01 2.495e-01 6.989e-05 2.093e-05 1.784e-04 -1.000 4.188e-04 -0.442 1.176 0.157 -0.452 -0.668 -0.772 -0.808
0.00039019 -1.60000 10.07918 0.8062736392 2.4208988477    0.798  2.083  3.6947  1.988    3  0.000  0.523     0.00     0.00     0.00     0.00     0.00 -1 -1.74e-10      0.00 7.500e-01 2.495e-01 6.989e-05 2.093e-05 1.784e-04 -1.000 4.188e-04 -0.438 1.178 0.161 -0.448 -0.664 -0.768 -0.804
0.00039019 -1.60000 10.07918 0.8063030839 2.4209089613    0.798  2.109  3.6935  1.956    3  0.000  0.523     0.00     0.00     0.00     0.00     0.00 -1 -1.89e-10      0.00 7.500e-01 2.495e-01 6.988e-05 2.094e-05 1.784e-04 -1.000 4.188e-04 -0.504 1.132 0.103 -0.512 -0.730 -0.836 -0.872
0.00039019 -1.60000 10.07918 0.8063478470 2.4209243349    0.797  2.151  3.6914  1.906    3  0.000  0.523     0.00     0.00     0.00     0.00     0.00 -1  -2.2e-10      0.00 7.500e-01 2.495e-01 6.988e-05 2.094e-05 1.784e-04 -1.000 4.188e-04 -0.609 1.059 0.010 -0.614 -0.836 -0.945 -0.983
0.00039019 -1.60000 10.07918 0.8063895106 2.4209386423    0.797  2.193  3.6893  1.855    3  0.000  0.523     0.00     0.00     0.00     0.00     0.00 -1 -2.57e-10      0.00 7.500e-01 2.496e-01 6.988e-05 2.094e-05 1.784e-04 -1.000 4.189e-04 -0.713 0.989 -0.081 -0.716 -0.942 -1.053 -1.092
0.00039019 -1.60000 10.07918 0.8064278960 2.4209518224    0.796  2.235  3.6873  1.805    3  0.000  0.523     0.00     0.00     0.00     0.00     0.00 -1    -3e-10      0.00 7.500e-01 2.496e-01 6.988e-05 2.094e-05 1.785e-04 -1.000 4.189e-04 -0.817 0.920 -0.171 -0.816 -1.046 -1.160 -1.200
0.00039019 -1.60000 10.07918 0.8064616919 2.4209634254    0.796  2.274  3.6852  1.758    3  0.000  0.523     0.00     0.00     0.00     0.00     0.00 -1 -3.47e-10      0.00 7.500e-01 2.496e-01 6.988e-05 2.094e-05 1.785e-04 -1.000 4.188e-04 -0.915 0.861 -0.255 -0.911 -1.145 -1.262 -1.303
0.00039019 -1.60000 10.07918 0.8064945936 2.4209747204    0.795  2.315  3.6831  1.708    3  0.000  0.523     0.00     0.00     0.00     0.00     0.00 -1 -4.04e-10      0.00 7.500e-01 2.496e-01 6.988e-05 2.095e-05 1.785e-04 -1.000 4.188e-04 -1.017 0.806 -0.343 -1.012 -1.249 -1.369 -1.412
0.00039019 -1.60000 10.07918 0.8065235019 2.4209846436    0.795  2.354  3.6809  1.660    3  0.000  0.523     0.00     0.00     0.00     0.00     0.00 -1 -4.66e-10      0.00 7.500e-01 2.496e-01 6.987e-05 2.095e-05 1.785e-04 -1.000 4.188e-04 -1.114 0.762 -0.422 -1.107 -1.348 -1.470 -1.514
0.00039019 -1.60000 10.07918 0.8065515757 2.4209942795    0.794  2.394  3.6788  1.612    3  0.000  0.523     0.00     0.00     0.00     0.00     0.00 -1 -5.41e-10      0.00 7.500e-01 2.496e-01 6.987e-05 2.095e-05 1.785e-04 -1.000 4.188e-04 -1.214 0.715 -0.505 -1.206 -1.450 -1.575 -1.620
0.00039019 -1.60000 10.07918 0.8065764904 2.4210028305    0.793  2.432  3.6767  1.564    3  0.000  0.523     0.00     0.00     0.00     0.00     0.00 -1 -6.24e-10      0.00 7.500e-01 2.496e-01 6.987e-05 2.095e-05 1.785e-04 -1.000 4.188e-04 -1.309 0.679 -0.581 -1.298 -1.547 -1.675 -1.722
0.00039019 -1.60000 10.07918 0.8066055179 2.4210127923    0.792  2.479  3.6740  1.505    3  0.000  0.523     0.00     0.00     0.00     0.00     0.00 -1 -7.45e-10      0.00 7.500e-01 2.496e-01 6.987e-05 2.095e-05 1.785e-04 -1.000 4.189e-04 -1.428 0.635 -0.675 -1.415 -1.669 -1.800 -1.848
0.00039019 -1.60000 10.07918 0.8066313267 2.4210216488    0.791  2.525  3.6713  1.448    3  0.000  0.523     7.46     5.85     4.14     3.21     2.59  3 -8.85e-10      0.00 7.500e-01 2.496e-01 6.987e-05 2.095e-05 1.785e-04 -1.000 4.188e-04 -1.543 0.605 -0.762 -1.526 -1.787 -1.921 -1.972
0.00039019 -1.60000 10.07918 0.8066515923 2.4210286026    0.790  2.564  3.6691  1.400    3  0.000  0.523     8.26     6.38     4.50     3.49     2.82  3 -1.03e-09      0.00 7.500e-01 2.496e-01 6.987e-05 2.096e-05 1.785e-04 -1.000 4.188e-04 -1.641 0.583 -0.834 -1.620 -1.886 -2.024 -2.075
0.00039019 -1.60000 10.07918 0.8066731095 2.4210359855    0.789  2.609  3.6663  1.344    3  0.000  0.523     9.29     7.06     4.95     3.84     3.11  3 -1.21e-09      0.00 7.500e-01 2.496e-01 6.987e-05 2.096e-05 1.785e-04 -1.000 4.188e-04 -1.752 0.568 -0.913 -1.726 -1.998 -2.140 -2.193
0.00039019 -1.60000 10.07918 0.8066903353 2.4210418955    0.788  2.647  3.6641  1.296    3  0.000  0.523    10.27     7.69     5.38     4.18     3.38  3  -1.4e-09      0.00 7.500e-01 2.496e-01 6.987e-05 2.096e-05 1.785e-04 -1.000 4.188e-04 -1.847 0.556 -0.980 -1.817 -2.095 -2.240 -2.295
0.00039019 -1.60000 10.07918 0.8067085147 2.4210481325    0.786  2.690  3.6613  1.241    3  0.000  0.523    11.53     8.49     5.91     4.60     3.72  3 -1.64e-09      0.00 7.500e-01 2.496e-01 6.987e-05 2.096e-05 1.785e-04 -1.000 4.188e-04 -1.954 0.556 -1.050 -1.919 -2.203 -2.352 -2.410
0.00039019 -1.60000 10.07918 0.8067259789 2.4210541237    0.785  2.734  3.6585  1.185    3  0.000  0.523    12.98     9.39     6.51     5.07     4.11  2 -1.94e-09      0.00 7.500e-01 2.496e-01 6.987e-05 2.096e-05 1.785e-04 -1.000 4.188e-04 -2.065 0.562 -1.120 -2.023 -2.315 -2.468 -2.528
0.00039019 -1.60000 10.07918 0.8067421913 2.4210596853    0.783  2.779  3.6557  1.128    3  0.000  0.523    14.64    10.40     7.17     5.60     4.54  2  -2.3e-09      0.00 7.500e-01 2.496e-01 6.987e-05 2.096e-05 1.785e-04 -1.000 4.188e-04 -2.176 0.547 -1.193 -2.123 -2.424 -2.582 -2.644
0.00039019 -1.60000 10.07918 0.8067563176 2.4210645311    0.781  2.820  3.6529  1.075    3  0.000  0.523    16.39    11.45     7.87     6.15     4.98  2  -2.7e-09      0.00 7.500e-01 2.496e-01 6.986e-05 2.096e-05 1.785e-04 -1.000 4.188e-04 -2.280 0.531 -1.261 -2.216 -2.525 -2.688 -2.752
0.00039019 -1.60000 10.07918 0.8067701459 2.4210692744    0.779  2.864  3.6501  1.019    3  0.000  0.523    18.44    12.66     8.66     6.78     5.49  2 -3.19e-09      0.00 7.500e-01 2.496e-01 6.986e-05 2.096e-05 1.785e-04 -1.000 4.189e-04 -2.389 0.512 -1.333 -2.314 -2.631 -2.799 -2.865
0.00039019 -1.60000 10.07918 0.8067821860 2.4210734042    0.777  2.904  3.6473  0.966    3  0.000  0.523    20.62    13.93     9.48     7.44     6.03  2 -3.72e-09      0.00 7.500e-01 2.496e-01 6.986e-05 2.096e-05 1.785e-04 -1.000 4.188e-04 -2.491 0.506 -1.392 -2.402 -2.728 -2.901 -2.970
0.00039019 -1.60000 10.07918 0.8067937493 2.4210773703    0.775  2.946  3.6445  0.911    3  0.000  0.523    23.14    15.36    10.41     8.18     6.63  2 -4.37e-09      0.00 7.500e-01 2.496e-01 6.986e-05 2.096e-05 1.785e-04 -1.000 4.188e-04 -2.596 0.502 -1.452 -2.493 -2.829 -3.007 -3.078
0.00039019 -1.60000 10.07918 0.8068046570 2.4210811114    0.772  2.988  3.6417  0.856    3  0.000  0.523    25.97    16.95    11.43     8.99     7.29  1 -5.15e-09      0.00 7.500e-01 2.496e-01 6.986e-05 2.096e-05 1.785e-04 -1.000 4.188e-04 -2.701 0.498 -1.513 -2.584 -2.929 -3.113 -3.187
0.00039019 -1.60000 10.07918 0.8068141937 2.4210843822    0.769  3.028  3.6389  0.804    3  0.000  0.523    28.97    18.60    12.49     9.84     7.99  1 -5.99e-09      0.00 7.500e-01 2.496e-01 6.986e-05 2.096e-05 1.785e-04 -1.000 4.188e-04 -2.799 0.500 -1.565 -2.667 -3.022 -3.212 -3.288
0.00039019 -1.60000 10.07918 0.8068233728 2.4210875303    0.766  3.068  3.6361  0.751    3  0.000  0.523    32.42    20.47    13.69    10.80     8.76  1    -7e-09      0.00 7.500e-01 2.496e-01 6.986e-05 2.097e-05 1.785e-04 -1.000 4.188e-04 -2.900 0.502 -1.617 -2.751 -3.116 -3.312 -3.391
0.00039019 -1.60000 10.07918 0.8068320155 2.4210904943    0.763  3.108  3.6333  0.697    3  0.000  0.523    36.26    22.51    14.99    11.84     9.61  1 -8.18e-09      0.00 7.500e-01 2.496e-01 6.986e-05 2.097e-05 1.785e-04 -1.000 4.188e-04 -3.000 0.505 -1.667 -2.834 -3.210 -3.412 -3.493
0.00039019 -1.60000 10.07918 0.8068398833 2.4210931926    0.759  3.147  3.6304  0.645    3  0.000  0.523    40.46    24.70    16.37    12.96    10.52  1 -9.52e-09      0.00 7.500e-01 2.496e-01 6.986e-05 2.097e-05 1.785e-04 -1.000 4.188e-04 -3.097 0.511 -1.714 -2.913 -3.300 -3.508 -3.591
0.00039019 -1.60000 10.07918 0.8068476915 2.4210958703    0.755  3.188  3.6276  0.591    3  0.000  0.523    45.37    27.22    17.96    14.24    11.56  1 -1.12e-08      0.00 7.500e-01 2.496e-01 6.986e-05 2.097e-05 1.785e-04 -1.000 4.188e-04 -3.199 0.511 -1.764 -2.996 -3.394 -3.608 -3.695
0.00039019 -1.60000 10.07918 0.8068547249 2.4210982822    0.751  3.226  3.6248  0.539    3  0.000  0.523    50.63    29.86    19.62    15.58    12.65  1  -1.3e-08      0.00 7.500e-01 2.496e-01 6.986e-05 2.097e-05 1.785e-04 -1.000 4.188e-04 -3.295 0.515 -1.808 -3.073 -3.482 -3.703 -3.791
0.00039019 -1.60000 10.07918 0.8068614602 2.4211005919    0.746  3.265  3.6221  0.486    3  0.000  0.523    56.55    32.79    21.45    17.06    13.86  1 -1.51e-08      0.00 7.500e-01 2.496e-01 6.986e-05 2.097e-05 1.785e-04 -1.000 4.188e-04 -3.392 0.518 -1.851 -3.150 -3.571 -3.798 -3.889
0.00039019 -1.60000 10.07918 0.8068671227 2.4211025337    0.741  3.296  3.6199  0.444    3  0.000  0.523    61.78    35.33    23.03    18.35    14.90  1 -1.72e-08      0.00 7.500e-01 2.496e-01 6.986e-05 2.097e-05 1.785e-04 -1.000 4.188e-04 -3.469 0.520 -1.879 -3.210 -3.641 -3.873 -3.967
0.00039019 -1.60000 10.07918 0.8068671227 2.4211025337    0.741  1.714  3.7972  2.735    4  0.000  0.526     0.00     0.00     0.00     0.00     0.00 -1    -1e-30      0.00 7.453e-01 2.543e-01 7.186e-05 2.103e-05 1.824e-04 -1.000 4.188e-04 0.486 1.231 0.656 0.440 0.402 0.405 0.415
0.00039019 -1.60000 10.07918 0.8068704605 2.4211036783    0.741  1.720  3.7952  2.721    4  0.000  0.526     0.00     0.00     0.00     0.00     0.00 -1    -1e-30      0.00 7.453e-01 2.543e-01 7.186e-05 2.103e-05 1.824e-04 -1.000 4.188e-04 0.470 1.225 0.646 0.424 0.382 0.384 0.393
0.00039019 -1.60000 10.07918 0.8069257140 2.4211226238    0.741  1.733  3.7922  2.696    4  0.000  0.526     0.00     0.00     0.00     0.00     0.00 -1    -1e-30      0.00 7.453e-01 2.543e-01 7.186e-05 2.103e-05 1.824e-04 -1.000 4.188e-04 0.438 1.208 0.624 0.390 0.344 0.343 0.351
0.00039019 -1.60000 10.07918 0.8069816232 2.4211417911    0.741  1.734  3.7926  2.696    4  0.000  0.526     0.00     0.00     0.00     0.00     0.00 -1    -1e-30      0.00 7.453e-01 2.543e-01 7.186e-05 2.103e-05 1.824e-04 -1.000 4.188e-04 0.434 1.202 0.619 0.386 0.341 0.340 0.348
0.00039019 -1.60000 10.07918 0.8070386648 2.4211613435    0.741  1.735  3.7934  2.699    4  0.000  0.526     0.00     0.00     0.00     0.00     0.00 -1    -1e-30      0.00 7.453e-01 2.543e-01 7.186e-05 2.103e-05 1.824e-04 -1.000 4.188e-04 0.433 1.196 0.614 0.385 0.341 0.341 0.349
0.00039019 -1.60000 10.07918 0.8070952892 2.4211807497    0.741  1.735  3.7946  2.703    4  0.000  0.526     0.00     0.00     0.00     0.00     0.00 -1    -1e-30      0.00 7.453e-01 2.543e-01 7.186e-05 2.103e-05 1.824e-04 -1.000 4.188e-04 0.433 1.190 0.610 0.385 0.343 0.344 0.352
0.00039019 -1.60000 10.07918 0.8071485162 2.4211989887    0.741  1.735  3.7959  2.709    4  0.000  0.526     0.00     0.00     0.00     0.00     0.00 -1    -1e-30      0.00 7.453e-01 2.543e-01 7.186e-05 2.103e-05 1.824e-04 -1.000 4.188e-04 0.433 1.184 0.606 0.386 0.346 0.348 0.357
0.00039019 -1.60000 10.07918 0.8072007895 2.4212168982    0.741  1.734  3.7974  2.716    4  0.000  0.526     0.00     0.00     0.00     0.00     0.00 -1    -1e-30      0.00 7.453e-01 2.543e-01 7.186e-05 2.103e-05 1.824e-04 -1.000 4.188e-04 0.435 1.177 0.602 0.388 0.351 0.354 0.363
0.00039019 -1.60000 10.07918 0.8072537184 2.4212350297    0.742  1.733  3.7991  2.723    4  0.000  0.526     0.00     0.00     0.00     0.00     0.00 -1    -1e-30      0.00 7.453e-01 2.543e-01 7.186e-05 2.103e-05 1.824e-04 -1.000 4.188e-04 0.437 1.170 0.598 0.390 0.356 0.360 0.371
0.00039019 -1.60000 10.07918 0.8073090911 2.4212539954    0.742  1.733  3.8009  2.731    4  0.000  0.526     0.00     0.00     0.00     0.00     0.00 -1    -1e-30      0.00 7.453e-01 2.543e-01 7.186e-05 2.103e-05 1.824e-04 -1.000 4.188e-04 0.439 1.163 0.594 0.393 0.362 0.368 0.379
0.00039019 -1.60000 10.07918 0.8073636293 2.4212726723    0.742  1.732  3.8026  2.739    4  0.000  0.526     0.00     0.00     0.00     0.00     0.00 -1    -1e-30      0.00 7.453e-01 2.543e-01 7.186e-05 2.103e-05 1.824e-04 -1.000 4.188e-04 0.441 1.157 0.591 0.395 0.367 0.374 0.386
0.00039019 -1.60000 10.07918 0.8074197769 2.4212918973    0.742  1.731  3.8041  2.746    4  0.000  0.526     0.00     0.00     0.00     0.00     0.00 -1    -1e-30      0.00 7.453e-01 2.543e-01 7.186e-05 2.103e-05 1.824e-04 -1.000 4.188e-04 0.442 1.151 0.587 0.397 0.372 0.380 0.392
0.00039019 -1.60000 10.07918 0.8074755073 2.4213109764    0.742  1.731  3.8054  2.751    4  0.000  0.526     0.00     0.00     0.00     0.00     0.00 -1    -1e-30      0.00 7.453e-01 2.543e-01 7.186e-05 2.103e-05 1.824e-04 -1.000 4.189e-04 0.443 1.146 0.584 0.399 0.376 0.385 0.397
0.00039019 -1.60000 10.07918 0.8075305820 2.4213298281    0.742  1.730  3.8063  2.755    4  0.000  0.526     0.00     0.00     0.00     0.00     0.00 -1    -1e-30      0.00 7.453e-01 2.543e-01 7.186e-05 2.103e-05 1.824e-04 -1.000 4.188e-04 0.444 1.143 0.582 0.400 0.378 0.388 0.401
0.00039019 -1.60000 10.07918 0.8075838685 2.4213480649    0.742  1.731  3.8067  2.757    4  0.000  0.526     0.00     0.00     0.00     0.00     0.00 -1    -1e-30      0.00 7.453e-01 2.543e-01 7.186e-05 2.103e-05 1.824e-04 -1.000 4.188e-04 0.444 1.140 0.580 0.400 0.379 0.389 0.402
0.00039019 -1.60000 10.07918 0.8076071739 2.4213560401    0.742  1.731  3.8069  2.757    4  0.000  0.526     0.00     0.00     0.00     0.00     0.00 -1    -1e-30      0.00 7.453e-01 2.543e-01 7.186e-05 2.103e-05 1.824e-04 -1.000 4.188e-04 0.443 1.139 0.579 0.399 0.379 0.390 0.402
0.00039019 -1.60000 10.07918 0.8076193333 2.4213602009    0.742  1.731  3.8069  2.757    4  0.000  0.526     0.00     0.00     0.00     0.00     0.00 -1    -1e-30      0.00 7.453e-01 2.543e-01 7.186e-05 2.103e-05 1.824e-04 -1.000 4.188e-04 0.443 1.139 0.579 0.399 0.379 0.389 0.402
0.00039019 -1.60000 10.07918 0.8076725602 2.4213784127    0.742  1.731  3.8065  2.755    4  0.000  0.526     0.00     0.00     0.00     0.00     0.00 -1    -1e-30      0.00 7.453e-01 2.543e-01 7.186e-05 2.103e-05 1.824e-04 -1.000 4.188e-04 0.441 1.140 0.579 0.397 0.376 0.386 0.399
0.00039019 -1.60000 10.07918 0.8077265024 2.4213968664    0.742  1.732  3.8056  2.750    4  0.000  0.526     0.00     0.00     0.00     0.00     0.00 -1    -1e-30      0.00 7.453e-01 2.543e-01 7.186e-05 2.103e-05 1.824e-04 -1.000 4.188e-04 0.439 1.141 0.579 0.395 0.372 0.381 0.394
0.00039019 -1.60000 10.07918 0.8077794313 2.4214149707    0.742  1.734  3.8042  2.743    4  0.000  0.526     0.00     0.00     0.00     0.00     0.00 -1    -1e-30      0.00 7.453e-01 2.543e-01 7.186e-05 2.103e-05 1.824e-04 -1.000 4.189e-04 0.436 1.145 0.580 0.391 0.365 0.374 0.386
0.00039019 -1.60000 10.07918 0.8078316450 2.4214328277    0.742  1.736  3.8022  2.734    4  0.000  0.526     0.00     0.00     0.00     0.00     0.00 -1    -1e-30      0.00 7.453e-01 2.543e-01 7.186e-05 2.103e-05 1.824e-04 -1.000 4.188e-04 0.431 1.150 0.582 0.386 0.357 0.364 0.375
0.00039019 -1.60000 10.07918 0.8078836203 2.4214506005    0.742  1.738  3.7997  2.722    4  0.000  0.526     0.00     0.00     0.00     0.00     0.00 -1    -1e-30      0.00 7.453e-01 2.543e-01 7.186e-05 2.103e-05 1.824e-04 -1.000 4.188e-04 0.426 1.156 0.585 0.379 0.346 0.351 0.362
0.00039019 -1.60000 10.07918 0.8079352379 2.4214682484    0.742  1.740  3.7968  2.707    4  0.000  0.526     0.00     0.00     0.00     0.00     0.00 -1    -1e-30      0.00 7.453e-01 2.543e-01 7.186e-05 2.103e-05 1.824e-04 -1.000 4.189e-04 0.419 1.165 0.589 0.372 0.334 0.336 0.346
0.00039019 -1.60000 10.07918 0.8079869151 2.4214859141    0.742  1.743  3.7935  2.691    4  0.000  0.526     0.00     0.00     0.00     0.00     0.00 -1    -1e-30      0.00 7.453e-01 2.543e-01 7.186e-05 2.103e-05 1.824e-04 -1.000 4.188e-04 0.412 1.174 0.593 0.364 0.320 0.320 0.328
0.00039019 -1.60000 10.07918 0.8079918027 2.4214875848    0.742  1.744  3.7931  2.690    4  0.000  0.526     0.00     0.00     0.00     0.00     0.00 -1    -1e-30      0.00 7.453e-01 2.543e-01 7.186e-05 2.103e-05 1.824e-04 -1.000 4.188e-04 0.411 1.175 0.593 0.363 0.318 0.318 0.326
0.00039019 -1.60000 10.07918 0.8080002069 2.4214904575    0.742  1.744  3.7925  2.687    4  0.000  0.526     0.00     0.00     0.00     0.00     0.00 -1    -1e-30      0.00 7.453e-01 2.543e-01 7.186e-05 2.103e-05 1.824e-04 -1.000 4.188e-04 0.409 1.177 0.594 0.361 0.316 0.315 0.323
0.00039019 -1.60000 10.07918 0.8080497980 2.4215074070    0.742  1.748  3.7889  2.669    4  0.000  0.526     0.00     0.00     0.00     0.00     0.00 -1    -1e-30      0.00 7.453e-01 2.543e-01 7.186e-05 2.103e-05 1.824e-04 -1.000 4.188e-04 0.401 1.187 0.597 0.352 0.300 0.296 0.303
0.00039019 -1.60000 10.07918 0.8080980778 2.4215239059    0.742  1.752  3.7853  2.650    4  0.000  0.526     0.00     0.00     0.00     0.00     0.00 -1    -1e-30      0.00 7.453e-01 2.543e-01 7.186e-05 2.103e-05 1.824e-04 -1.000 4.188e-04 0.391 1.198 0.600 0.342 0.284 0.277 0.282
0.00039019 -1.60000 10.07918 0.8081498146 2.4215415838    0.743  1.756  3.7812  2.629    4  0.000  0.526     0.00     0.00     0.00     0.00     0.00 -1    -1e-30      0.00 7.453e-01 2.543e-01 7.186e-05 2.103e-05 1.824e-04 -1.000 4.188e-04 0.379 1.208 0.603 0.330 0.265 0.254 0.258
0.00039019 -1.60000 10.07918 0.8081989884 2.4215583835    0.743  1.761  3.7773  2.609    4  0.000  0.526     0.00     0.00     0.00     0.00     0.00 -1    -1e-30      0.00 7.453e-01 2.543e-01 7.186e-05 2.103e-05 1.824e-04 -1.000 4.188e-04 0.367 1.220 0.605 0.318 0.245 0.231 0.233
0.00039019 -1.60000 10.07918 0.8082460761 2.4215744683    0.743  1.766  3.7739  2.590    4  0.000  0.526     0.00     0.00     0.00     0.00     0.00 -1    -1e-30      0.00 7.453e-01 2.543e-01 7.186e-05 2.103e-05 1.824e-04 -1.000 4.188e-04 0.355 1.230 0.605 0.305 0.227 0.209 0.210
0.00039019 -1.60000 10.07918 0.8082946539 2.4215910599    0.743  1.772  3.7704  2.571    4  0.000  0.526     0.00     0.00     0.00     0.00     0.00 -1    -1e-30      0.00 7.453e-01 2.543e-01 7.186e-05 2.103e-05 1.824e-04 -1.000 4.189e-04 0.341 1.238 0.604 0.291 0.206 0.185 0.185
0.00039019 -1.60000 10.07918 0.8083423972 2.4216073642    0.743  1.777  3.7674  2.553    4  0.000  0.526     0.00     0.00     0.00     0.00     0.00 -1    -1e-30      0.00 7.453e-01 2.543e-01 7.186e-05 2.103e-05 1.824e-04 -1.000 4.188e-04 0.326 1.244 0.601 0.277 0.187 0.163 0.162
0.00039019 -1.60000 10.07918 0.8083905578 2.4216238088    0.743  1.783  3.7646  2.536    4  0.000  0.526     0.00     0.00     0.00     0.00     0.00 -1    -1e-30      0.00 7.453e-01 2.543e-01 7.186e-05 2.103e-05 1.824e-04 -1.000 4.188e-04 0.312 1.248 0.596 0.263 0.168 0.142 0.139
0.00039019 -1.60000 10.07918 0.8084388375 2.4216402918    0.743  1.790  3.7619  2.519    4  0.000  0.526     0.00     0.00     0.00     0.00     0.00 -1    -1e-30      0.00 7.453e-01 2.543e-01 7.186e-05 2.103e-05 1.824e-04 -1.000 4.188e-04 0.296 1.249 0.590 0.247 0.148 0.119 0.115
0.00039019 -1.60000 10.07918 0.8084873557 2.4216568539    0.743  1.798  3.7590  2.499    4  0.000  0.526     0.00     0.00     0.00     0.00     0.00 -1    -1e-30      0.00 7.453e-01 2.543e-01 7.186e-05 2.103e-05 1.824e-04 -1.000 4.188e-04 0.276 1.249 0.581 0.228 0.123 0.091 0.086
0.00039019 -1.60000 10.07918 0.8084970713 2.4216601701    0.743  1.796  3.7598  2.504    4  0.000  0.526     0.00     0.00     0.00     0.00     0.00 -1    -1e-30      0.00 7.453e-01 2.543e-01 7.186e-05 2.103e-05 1.824e-04 -1.000 4.188e-04 0.280 1.247 0.582 0.232 0.129 0.097 0.093
0.00039019 -1.60000 10.07918 0.8085468411 2.4216771566    0.743  1.808  3.7559  2.477    4  0.000  0.526     0.00     0.00     0.00     0.00     0.00 -1    -1e-30      0.00 7.453e-01 2.543e-01 7.186e-05 2.103e-05 1.824e-04 -1.000 4.188e-04 0.251 1.248 0.568 0.203 0.094 0.058 0.052
0.00039019 -1.60000 10.07918 0.8085958958 2.4216938967    0.743  1.823  3.7518  2.445    4  0.000  0.526     0.00     0.00     0.00     0.00     0.00 -1    -1e-30      0.00 7.453e-01 2.543e-01 7.186e-05 2.103e-05 1.824e-04 -1.000 4.188e-04 0.212 1.240 0.546 0.165 0.048 0.009 0.000
0.00039019 -1.60000 10.07918 0.8086371422 2.4217079704    0.743  1.854  3.7452  2.388    4  0.000  0.526     0.00     0.00     0.00     0.00     0.00 -1    -1e-30      0.00 7.453e-01 2.543e-01 7.186e-05 2.103e-05 1.824e-04 -1.000 4.188e-04 0.135 1.214 0.495 0.090 -0.038 -0.085 -0.096
0.00039019 -1.60000 10.07918 0.8086595535 2.4217156167    0.743  1.892  3.7381  2.321    4  0.000  0.526     0.00     0.00     0.00     0.00     0.00 -1    -1e-30      0.00 7.453e-01 2.543e-01 7.186e-05 2.103e-05 1.824e-04 -1.000 4.188e-04 0.039 1.177 0.426 -0.005 -0.145 -0.199 -0.213
0.00039019 -1.60000 10.07918 0.8086696267 2.4217190533    0.743  1.933  3.7316  2.255    4  0.000  0.526     0.00     0.00     0.00     0.00     0.00 -1    -1e-30      0.00 7.453e-01 2.543e-01 7.186e-05 2.103e-05 1.824e-04 -1.000 4.188e-04 -0.062 1.135 0.351 -0.104 -0.255 -0.316 -0.333
0.00039019 -1.60000 10.07918 0.8086741567 2.4217205987    0.743  1.973  3.7259  2.191    4  0.000  0.526     0.00     0.00     0.00     0.00     0.00 -1    -1e-30      0.00 7.453e-01 2.543e-01 7.186e-05 2.103e-05 1.824e-04 -1.000 4.188e-04 -0.164 1.089 0.274 -0.204 -0.364 -0.431 -0.451
0.00039019 -1.60000 10.07918 0.8086762428 2.4217213104    0.743  2.011  3.7215  2.136    4  0.000  0.526     0.00     0.00     0.00     0.00     0.00 -1    -1e-30      0.00 7.453e-01 2.543e-01 7.186e-05 2.103e-05 1.824e-04 -1.000 4.188e-04 -0.256 1.042 0.200 -0.295 -0.462 -0.535 -0.556
0.00039019 -1.60000 10.07918 0.8086771369 2.4217216154    0.743  2.034  3.7189  2.103    7  0.000  0.526     0.00     0.00     0.00     0.00     0.00 -1    -1e-30      0.00 7.453e-01 2.543e-01 7.186e-05 2.103e-05 1.824e-04 -1.000 4.188e-04 -0.315 1.010 0.154 -0.352 -0.524 -0.599 -0.622
0.00039019 -1.60000 10.07918 0.8086781502 2.4217219611    0.743  2.073  3.7154  2.049    7  0.000  0.526     0.00     0.00     0.00     0.00     0.00 -1    -1e-30      0.00 7.453e-01 2.543e-01 7.186e-05 2.103e-05 1.824e-04 -1.000 4.188e-04 -0.413 0.953 0.073 -0.447 -0.625 -0.704 -0.729
0.00039019 -1.60000 10.07918 0.8086792231 2.4217223271    0.743  2.111  3.7121  1.999    7  0.000  0.526     0.00     0.00     0.00     0.00     0.00 -1    -1e-30      0.00 7.453e-01 2.543e-01 7.186e-05 2.103e-05 1.824e-04 -1.000 4.188e-04 -0.507 0.894 -0.006 -0.539 -0.723 -0.806 -0.833
0.00039019 -1.60000 10.07918 0.8086801171 2.4217226321    0.743  2.136  3.7101  1.965    7  0.000  0.526     0.00     0.00     0.00     0.00     0.00 -1    -1e-30      0.00 7.453e-01 2.543e-01 7.186e-05 2.103e-05 1.824e-04 -1.000 4.188e-04 -0.571 0.856 -0.060 -0.602 -0.789 -0.875 -0.902
0.00039019 -1.60000 10.07918 0.8086810708 2.4217229575    0.743  2.156  3.7087  1.940    7  0.000  0.526     0.00     0.00     0.00     0.00     0.00 -1    -1e-30      0.00 7.453e-01 2.543e-01 7.186e-05 2.103e-05 1.824e-04 -1.000 4.188e-04 -0.619 0.827 -0.100 -0.648 -0.838 -0.926 -0.954
0.00039019 -1.60000 10.07918 0.8086825013 2.4217234455    0.743  2.164  3.7081  1.930    7  0.000  0.526     0.00     0.00     0.00     0.00     0.00 -1    -1e-30      0.00 7.453e-01 2.543e-01 7.186e-05 2.103e-05 1.824e-04 -1.000 4.189e-04 -0.640 0.814 -0.118 -0.669 -0.860 -0.948 -0.976
0.00039019 -1.60000 10.07918 0.8086851239 2.4217243402    0.743  2.156  3.7088  1.940    7  0.000  0.526     0.00     0.00     0.00     0.00     0.00 -1    -1e-30      0.00 7.453e-01 2.543e-01 7.186e-05 2.103e-05 1.824e-04 -1.000 4.189e-04 -0.620 0.826 -0.101 -0.649 -0.839 -0.926 -0.954
0.00039019 -1.60000 10.07918 0.8086895347 2.4217258449    0.743  2.143  3.7098  1.957    7  0.000  0.526     0.00     0.00     0.00     0.00     0.00 -1    -1e-30      0.00 7.453e-01 2.543e-01 7.186e-05 2.103e-05 1.824e-04 -1.000 4.189e-04 -0.587 0.845 -0.074 -0.617 -0.806 -0.891 -0.919
0.00039019 -1.60000 10.07918 0.8087162375 2.4217349539    0.743  2.157  3.7084  1.937    7  0.000  0.526     0.00     0.00     0.00     0.00     0.00 -1    -1e-30      0.00 7.453e-01 2.543e-01 7.186e-05 2.103e-05 1.824e-04 -1.000 4.188e-04 -0.623 0.827 -0.102 -0.652 -0.843 -0.930 -0.959
0.00039019 -1.60000 10.07918 0.8087324500 2.4217404841    0.743  2.175  3.7068  1.913    7  0.000  0.526     0.00     0.00     0.00     0.00     0.00 -1    -1e-30      0.00 7.453e-01 2.543e-01 7.186e-05 2.103e-05 1.824e-04 -1.000 4.189e-04 -0.669 0.803 -0.139 -0.696 -0.890 -0.979 -1.008
0.00039019 -1.60000 10.07918 0.8087521195 2.4217471931    0.743  2.217  3.7035  1.858    7  0.000  0.526     0.00     0.00     0.00     0.00     0.00 -1    -1e-30      0.00 7.453e-01 2.543e-01 7.186e-05 2.103e-05 1.824e-04 -1.000 4.188e-04 -0.773 0.744 -0.225 -0.797 -0.997 -1.091 -1.122
0.00039019 -1.60000 10.07918 0.8087721467 2.4217540238    0.743  2.263  3.7001  1.798    7  0.000  0.526     0.00     0.00     0.00     0.00     0.00 -1    -1e-30      0.00 7.453e-01 2.543e-01 7.186e-05 2.103e-05 1.824e-04 -1.000 4.188e-04 -0.888 0.678 -0.321 -0.909 -1.115 -1.213 -1.246
0.00039019 -1.60000 10.07918 0.8087901473 2.4217601629    0.743  2.307  3.6969  1.742    7  0.000  0.526     0.00     0.00     0.00     0.00     0.00 -1    -1e-30      0.00 7.453e-01 2.543e-01 7.186e-05 2.103e-05 1.824e-04 -1.000 4.189e-04 -0.997 0.616 -0.411 -1.014 -1.226 -1.328 -1.363
0.00039019 -1.60000 10.07918 0.8088061213 2.4217656106    0.743  2.350  3.6938  1.687    7  0.000  0.526     0.00     0.00     0.00     0.00     0.00 -1    -1e-30      0.00 7.453e-01 2.543e-01 7.186e-05 2.103e-05 1.824e-04 -1.000 4.121e-04 -1.104 0.556 -0.499 -1.117 -1.334 -1.440 -1.477
0.00039019 -1.60000 10.07918 0.8088202477 2.4217704279    0.743  2.392  3.6908  1.633    7  0.000  0.526     0.00     0.00     0.00     0.00     0.00 -1    -1e-30      0.00 7.453e-01 2.543e-01 7.184e-05 2.103e-05 1.824e-04 -1.000 4.100e-04 -1.209 0.497 -0.585 -1.218 -1.442 -1.551 -1.590
0.00039019 -1.60000 10.07918 0.8088326454 2.4217746556    0.743  2.434  3.6879  1.579    7  0.000  0.525     0.00     0.00     0.00     0.00     0.00 -1    -1e-30      0.00 7.453e-01 2.543e-01 7.178e-05 2.105e-05 1.824e-04 -1.000 4.101e-04 -1.314 0.441 -0.670 -1.317 -1.547 -1.660 -1.701
0.00039019 -1.60000 10.07918 0.8088436127 2.4217783954    0.743  2.475  3.6850  1.526    7  0.000  0.523     0.00     0.00     0.00     0.00     0.00 -1    -1e-30      0.00 7.453e-01 2.543e-01 7.156e-05 2.118e-05 1.824e-04 -1.000 4.108e-04 -1.418 0.392 -0.753 -1.416 -1.651 -1.769 -1.811
0.00039019 -1.60000 10.07918 0.8088536263 2.4217818099    0.743  2.517  3.6820  1.472    7  0.000  0.517     6.94     5.51     3.91     3.03     2.45  3    -1e-30      0.00 7.453e-01 2.543e-01 7.096e-05 2.165e-05 1.824e-04 -1.000 4.188e-04 -1.523 0.360 -0.835 -1.519 -1.760 -1.881 -1.925
0.00039019 -1.60000 10.07918 0.8088627458 2.4217849194    0.743  2.559  3.6790  1.418    7  0.000  0.508     7.78     6.08     4.29     3.33     2.69  3    -1e-30      0.00 7.452e-01 2.543e-01 6.978e-05 2.284e-05 1.824e-04 -1.000 4.188e-04 -1.628 0.335 -0.914 -1.622 -1.868 -1.993 -2.039
0.00039019 -1.60000 10.07918 0.8088712692 2.4217878256    0.743  2.602  3.6759  1.363    7  0.000  0.496     8.75     6.71     4.72     3.67     2.96  3    -1e-30      0.00 7.452e-01 2.544e-01 6.814e-05 2.474e-05 1.824e-04 -1.000 4.188e-04 -1.734 0.318 -0.991 -1.725 -1.978 -2.107 -2.154
0.00039019 -1.60000 10.07918 0.8088791966 2.4217905285    0.743  2.645  3.6728  1.308    7  0.000  0.483     9.84     7.42     5.19     4.04     3.27  3    -1e-30      0.00 7.451e-01 2.544e-01 6.646e-05 2.679e-05 1.824e-04 -1.000 4.087e-04 -1.842 0.309 -1.065 -1.828 -2.088 -2.221 -2.271
0.00039019 -1.60000 10.07918 0.8088867664 2.4217931095    0.743  2.688  3.6696  1.252    7  0.000  0.472    11.08     8.20     5.71     4.45     3.60  2    -1e-30      0.00 7.451e-01 2.545e-01 6.495e-05 2.864e-05 1.824e-04 -1.000 4.188e-04 -1.949 0.309 -1.137 -1.932 -2.199 -2.336 -2.388
0.00039019 -1.60000 10.07918 0.8088939786 2.4217955684    0.743  2.730  3.6665  1.197    7  0.000  0.463    12.46     9.06     6.28     4.90     3.97  2    -1e-30      0.00 7.450e-01 2.546e-01 6.367e-05 3.021e-05 1.823e-04 -1.000 4.188e-04 -2.055 0.316 -1.204 -2.032 -2.307 -2.449 -2.503
0.00039019 -1.60000 10.07918 0.8089008927 2.4217979257    0.743  2.773  3.6633  1.142    7  0.000  0.455    14.01    10.01     6.91     5.40     4.37  2    -1e-30      0.00 7.449e-01 2.547e-01 6.259e-05 3.154e-05 1.823e-04 -1.000 4.188e-04 -2.162 0.331 -1.269 -2.132 -2.415 -2.561 -2.618
0.00039019 -1.60000 10.07918 0.8089072108 2.4218000797    0.743  2.815  3.6601  1.086    7  0.000  0.449    15.76    11.07     7.60     5.95     4.82  2    -1e-30      0.00 7.448e-01 2.548e-01 6.163e-05 3.271e-05 1.823e-04 -1.000 4.188e-04 -2.268 0.355 -1.330 -2.231 -2.523 -2.674 -2.733
0.00039019 -1.60000 10.07918 0.8089123368 2.4218018273    0.743  2.854  3.6571  1.036    7  0.000  0.443    17.56    12.13     8.30     6.51     5.27  2    -1e-30      0.00 7.447e-01 2.549e-01 6.088e-05 3.363e-05 1.822e-04 -1.000 4.188e-04 -2.365 0.377 -1.383 -2.319 -2.619 -2.776 -2.837
0.00039019 -1.60000 10.07918 0.8089167476 2.4218033310    0.743  2.894  3.6541  0.984    7  0.000  0.439    19.60    13.32     9.08     7.12     5.77  2    -1e-30      0.00 7.445e-01 2.551e-01 6.022e-05 3.445e-05 1.821e-04 -1.000 4.188e-04 -2.464 0.375 -1.441 -2.405 -2.714 -2.876 -2.940
0.00039019 -1.60000 10.07918 0.8089205027 2.4218046112    0.743  2.933  3.6510  0.932    7  0.000  0.435    21.90    14.64     9.93     7.81     6.33  2    -1e-30      0.00 7.444e-01 2.552e-01 5.962e-05 3.520e-05 1.820e-04 -1.000 4.088e-04 -2.563 0.380 -1.495 -2.491 -2.810 -2.978 -3.044
0.00039019 -1.60000 10.07918 0.8089240789 2.4218058304    0.743  2.977  3.6475  0.874    7  0.000  0.431    24.76    16.25    10.97     8.64     7.00  1    -1e-30      0.00 7.442e-01 2.553e-01 5.906e-05 3.593e-05 1.819e-04 -1.000 4.188e-04 -2.673 0.387 -1.553 -2.584 -2.914 -3.088 -3.157
0.00039019 -1.60000 10.07918 0.8089276552 2.4218070496    0.743  3.024  3.6438  0.813    7  0.000  0.429    28.22    18.16    12.20     9.62     7.80  1    -1e-30      0.00 7.441e-01 2.555e-01 5.862e-05 3.653e-05 1.817e-04 -1.000 4.188e-04 -2.790 0.396 -1.613 -2.682 -3.025 -3.206 -3.278
0.00039019 -1.60000 10.07918 0.8089308143 2.4218081265    0.743  3.073  3.6398  0.748    7  0.000  0.427    32.40    20.42    13.65    10.78     8.75  1    -1e-30      0.00 7.440e-01 2.556e-01 5.827e-05 3.706e-05 1.814e-04 -1.000 4.188e-04 -2.912 0.408 -1.676 -2.785 -3.141 -3.329 -3.405
0.00039019 -1.60000 10.07918 0.8089319468 2.4218085126    0.743  3.100  3.6375  0.711    7  0.000  0.426    35.03    21.82    14.54    11.50     9.33  1    -1e-30      0.00 7.439e-01 2.557e-01 5.813e-05 3.730e-05 1.813e-04 -1.000 4.188e-04 -2.981 0.418 -1.705 -2.839 -3.203 -3.397 -3.474
0.00039019 -1.60000 10.07918 0.8089321852 2.4218085939    0.743  3.114  3.6364  0.693    7  0.000  0.425    36.42    22.55    15.01    11.87     9.63  1    -1e-30      0.00 7.439e-01 2.557e-01 5.807e-05 3.742e-05 1.812e-04 -1.000 4.188e-04 -3.016 0.422 -1.721 -2.868 -3.235 -3.431 -3.510
0.00039019 -1.60000 10.07918 0.8089324832 2.4218086955    0.743  3.135  3.6348  0.666    7  0.000  0.425    38.56    23.68    15.72    12.44    10.10  1    -1e-30      0.00 7.438e-01 2.558e-01 5.796e-05 3.769e-05 1.811e-04 -1.000 4.189e-04 -3.067 0.427 -1.745 -2.909 -3.283 -3.482 -3.562
0.00039019 -1.60000 10.07918 0.8089329600 2.4218088580    0.743  3.162  3.6325  0.629    7  0.000  0.423    41.71    25.31    16.75    13.27    10.77  1    -1e-30      0.00 7.436e-01 2.560e-01 5.764e-05 3.833e-05 1.807e-04 -1.000 4.188e-04 -3.136 0.437 -1.774 -2.964 -3.346 -3.550 -3.632
0.00039019 -1.60000 10.07918 0.8089331985 2.4218089393    0.743  3.361  3.6172  0.369    8  0.541  0.401    72.50    40.48    26.23    20.93    17.01  1 -9.17e-07      0.00 7.350e-01 2.647e-01 5.376e-05 4.881e-05 1.813e-04 -1.000 3.145e-04 -3.632 0.471 -1.967 -3.346 -3.794 -4.035 -4.131
0.00039019 -1.60000 10.07918 0.8089332581 2.4218089596    0.743  3.196  3.6291  0.581    8  0.541  0.395    46.17    27.59    18.19    14.43    11.72  1 -4.31e-07      0.00 7.350e-01 2.647e-01 5.376e-05 4.881e-05 1.813e-04 -1.000 3.145e-04 -3.221 0.464 -1.802 -3.028 -3.422 -3.633 -3.718
0.00039019 -1.60000 10.07918 0.8089333177 2.4218089800    0.742  3.050  3.6418  0.778    8  0.541  0.395    30.38    19.33    12.95    10.22     8.29  1 -2.19e-07      0.00 7.350e-01 2.647e-01 5.376e-05 4.881e-05 1.813e-04 -1.000 3.145e-04 -2.854 0.402 -1.647 -2.737 -3.086 -3.271 -3.345
0.00039019 -1.60000 10.07918 0.8089334965 2.4218090409    0.740  2.853  3.6587  1.041    8  0.542  0.395    17.35    12.01     8.22     6.44     5.22  2 -8.82e-08      0.00 7.350e-01 2.647e-01 5.376e-05 4.881e-05 1.813e-04 -1.000 3.145e-04 -2.363 0.335 -1.399 -2.322 -2.618 -2.772 -2.832
0.00039019 -1.60000 10.07918 0.8089337349 2.4218091222    0.737  2.859  3.6581  1.031    8  0.542  0.395    17.68    12.20     8.35     6.55     5.30  2 -9.15e-08      0.00 7.350e-01 2.647e-01 5.376e-05 4.881e-05 1.813e-04 -1.000 3.145e-04 -2.377 0.346 -1.404 -2.334 -2.632 -2.787 -2.848
0.00039019 -1.60000 10.07918 0.8089340925 2.4218092441    0.733  2.956  3.6497  0.898    8  0.542  0.395    23.46    15.51    10.49     8.26     6.69  1 -1.46e-07      0.00 7.350e-01 2.647e-01 5.376e-05 4.881e-05 1.813e-04 -1.000 3.145e-04 -2.620 0.377 -1.528 -2.541 -2.865 -3.036 -3.103
0.00039019 -1.60000 10.07918 0.8089344501 2.4218093660    0.729  3.116  3.6358  0.680    8  0.542  0.395    37.25    22.96    15.26    12.08     9.80  1 -3.13e-07      0.00 7.350e-01 2.647e-01 5.376e-05 4.881e-05 1.813e-04 -1.000 3.146e-04 -3.019 0.442 -1.713 -2.867 -3.238 -3.435 -3.514
0.00039019 -1.60000 10.07918 0.8089348674 2.4218095083    0.724  3.254  3.6237  0.490    8  0.543  0.395    55.75    32.31    21.14    16.83    13.66  1 -6.07e-07      0.00 7.350e-01 2.647e-01 5.376e-05 4.881e-05 1.813e-04 -1.000 3.145e-04 -3.366 0.507 -1.847 -3.135 -3.550 -3.774 -3.864
0.00039019 -1.60000 10.07918 0.8089354038 2.4218096911    0.718  3.346  3.6156  0.363    8  0.543  0.395    73.07    40.60    26.29    21.00    17.06  1 -9.47e-07      0.00 7.350e-01 2.647e-01 5.376e-05 4.881e-05 1.813e-04 -1.000 3.145e-04 -3.595 0.543 -1.905 -3.298 -3.751 -3.995 -4.093
0.00039019 -1.60000 10.07918 0.8089359403 2.4218098740    0.712  3.397  3.6111  0.290    8  0.544  0.395    85.24    46.22    29.75    23.82    19.35  1 -1.23e-06      0.00 7.350e-01 2.647e-01 5.376e-05 4.881e-05 1.813e-04 -1.000 3.145e-04 -3.723 0.562 -1.931 -3.384 -3.860 -4.116 -4.219
0.00039019 -1.60000 10.07918 0.8089365363 2.4218100772    0.705  3.424  3.6086  0.249    8  0.544  0.395    92.83    49.62    31.83    25.52    20.74  1 -1.42e-06      0.00 7.350e-01 2.647e-01 5.376e-05 4.881e-05 1.813e-04 -1.000 3.146e-04 -3.789 0.573 -1.940 -3.427 -3.916 -4.179 -4.284
0.00039019 -1.60000 10.07918 0.8089372516 2.4218103210    0.697  3.441  3.6070  0.220    8  0.545  0.395    98.49    52.10    33.33    26.76    21.75  1 -1.59e-06      0.00 7.350e-01 2.647e-01 5.376e-05 4.881e-05 1.813e-04 -1.000 3.146e-04 -3.832 0.583 -1.942 -3.453 -3.951 -4.219 -4.326
0.00039019 -1.60000 10.07918 0.8089401126 2.4218112964    0.546 -9.999  4.0000  1.753    9  0.547  0.000     0.00     0.00     0.00     0.00     0.00 -1    -1e-30      0.00 7.350e-01 2.647e-01 5.376e-05 4.881e-05 1.813e-04 -1.000 3.145e-04 29.767 30.102 29.965 30.242 30.471 30.552 30.640
#isochrone terminated
