# File generated by CMD 3.7 (http://stev.oapd.inaf.it/cmd) on Thu Feb  1 19:53:55 UTC 2024
# isochrones based on PARSEC release v1.2S +  COLIBRI S_37 + S_35 + PR16
# Basic references: Bressan et al. (2012), MNRAS, 427, 127 + Chen et al. (2014, 2015), MNRAS, 444, 2525 + MNRAS, 452, 1068 + Tang et al. (2014), MNRAS, 445, 4287 + Marigo et al. (2017), ApJ, 835, 77 + Pastorelli al. (2019), MNRAS, 485, 5666 + Pastorelli al. (2020), MNRAS, in press
# Thermal pulse cycles included 
# On RGB, assumed Reimers mass loss with efficiency eta=0.2
# LPV periods and growth rates added cf. Trabucchi et al. (2019)
# but fundamental-mode LPV periods are from Trabucchi et al. (2021)
# Photometric system: DECAM (ABmags)
# Using YBC version of bolometric corrections as in Chen et al. (2019)
# O-rich circumstellar dpmod60alox40 dust from Groenewegen (2006)
# C-rich circumstellar AMCSIC15 dust from Groenewegen (2006)
# IMF: Kroupa (2001, 2002) + Kroupa et al. (2013) canonical two-part-power law IMF corrected for unresolved binaries 
# Kind of output: isochrone tables
# Zini     MH   logAge Mini        int_IMF         Mass   logL    logTe  logg  label   McoreTP C_O  period0  period1  period2  period3  period4  pmode  Mloss  tau1m   X   Y   Xc  Xn  Xo  Cexcess  Z 	 mbolmag  umag    gmag    rmag    imag    zmag    Ymag
0.00024632 -1.80000 10.07918 0.0900000036 1.0816895926    0.090 -3.197  3.4849  5.480    1  0.000  0.545     0.00     0.00     0.00     0.00     0.00 -1 -4.85e-17      0.00 7.483e-01 2.514e-01 4.823e-05 1.301e-05 1.180e-04 -1.000 2.681e-04 12.762 17.860 15.946 14.013 12.542 12.069 11.969
0.00024632 -1.80000 10.07918 0.0963150933 1.1395663999    0.096 -2.964  3.5190  5.414    1  0.000  0.545     0.00     0.00     0.00     0.00     0.00 -1 -8.65e-17      0.00 7.467e-01 2.530e-01 4.823e-05 1.301e-05 1.180e-04 -1.000 2.682e-04 12.180 17.041 14.768 12.989 11.954 11.573 11.468
0.00024632 -1.80000 10.07918 0.1000000015 1.1711064122    0.100 -2.835  3.5378  5.377    1  0.000  0.545     0.00     0.00     0.00     0.00     0.00 -1 -1.19e-16      0.00 7.458e-01 2.540e-01 4.823e-05 1.301e-05 1.180e-04 -1.000 2.681e-04 11.858 16.445 14.144 12.471 11.629 11.288 11.184
0.00024632 -1.80000 10.07918 0.1199999973 1.3193154249    0.120 -2.543  3.5687  5.286    1  0.000  0.545     0.00     0.00     0.00     0.00     0.00 -1 -2.37e-16      0.00 7.427e-01 2.571e-01 4.823e-05 1.301e-05 1.180e-04 -1.000 2.683e-04 11.126 15.095 12.956 11.483 10.890 10.606 10.510
0.00024632 -1.80000 10.07918 0.1400000006 1.4384526719    0.140 -2.359  3.5835  5.229    1  0.000  0.545     0.00     0.00     0.00     0.00     0.00 -1 -3.57e-16      0.00 7.405e-01 2.592e-01 4.823e-05 1.301e-05 1.180e-04 -1.000 2.683e-04 10.667 14.314 12.301 10.942 10.426 10.165 10.075
0.00024632 -1.80000 10.07918 0.1599999964 1.5372931554    0.160 -2.215  3.5932  5.182    1  0.000  0.545     0.00     0.00     0.00     0.00     0.00 -1 -4.91e-16      0.00 7.391e-01 2.606e-01 4.823e-05 1.301e-05 1.180e-04 -1.000 2.682e-04 10.307 13.741 11.822 10.540 10.063 9.817 9.732
0.00024632 -1.80000 10.07918 0.2000000179 1.6938791367    0.200 -1.994  3.6056  5.107    1  0.000  0.545     0.00     0.00     0.00     0.00     0.00 -1 -7.96e-16      0.00 7.382e-01 2.615e-01 4.823e-05 1.301e-05 1.180e-04 -1.000 2.682e-04 9.755 12.937 11.127 9.942 9.506 9.279 9.199
0.00024632 -1.80000 10.07918 0.2500000000 1.8403257998    0.250 -1.792  3.6166  5.047    1  0.000  0.545     0.00     0.00     0.00     0.00     0.00 -1 -9.84e-16      0.00 7.384e-01 2.613e-01 4.822e-05 1.301e-05 1.180e-04 -1.000 2.681e-04 9.251 12.225 10.505 9.401 8.996 8.785 8.712
0.00024632 -1.80000 10.07918 0.3000000417 1.9529140366    0.300 -1.638  3.6256  5.007    1  0.000  0.545     0.00     0.00     0.00     0.00     0.00 -1 -1.66e-15      0.00 7.385e-01 2.612e-01 4.821e-05 1.301e-05 1.180e-04 -1.000 2.682e-04 8.864 11.678 10.027 8.986 8.605 8.408 8.339
0.00024632 -1.80000 10.07918 0.3499999940 2.0434174644    0.350 -1.511  3.6337  4.980    1  0.000  0.544     0.00     0.00     0.00     0.00     0.00 -1 -2.12e-15      0.00 7.383e-01 2.614e-01 4.819e-05 1.301e-05 1.180e-04 -1.000 2.682e-04 8.548 11.225 9.632 8.645 8.285 8.100 8.036
0.00024632 -1.80000 10.07918 0.4000000060 2.1185024399    0.400 -1.380  3.6434  4.946    1  0.000  0.545     0.00     0.00     0.00     0.00     0.00 -1 -2.79e-15      0.00 7.503e-01 2.494e-01 4.823e-05 1.301e-05 1.180e-04 -1.000 2.682e-04 8.220 10.741 9.217 8.290 7.955 7.784 7.724
0.00024632 -1.80000 10.07918 0.4500000477 2.1822809714    0.450 -1.219  3.6597  4.901    1  0.000  0.545     0.00     0.00     0.00     0.00     0.00 -1 -4.01e-15      0.00 7.506e-01 2.491e-01 4.823e-05 1.301e-05 1.180e-04 -1.000 2.682e-04 7.818 10.083 8.678 7.846 7.549 7.401 7.350
0.00024632 -1.80000 10.07918 0.5000000000 2.2374541529    0.500 -1.039  3.6799  4.848    1  0.000  0.545     0.00     0.00     0.00     0.00     0.00 -1 -6.12e-15      0.00 7.506e-01 2.491e-01 4.823e-05 1.301e-05 1.180e-04 -1.000 2.682e-04 7.367 9.312 8.078 7.355 7.101 6.980 6.940
0.00024632 -1.80000 10.07918 0.5500000715 2.2836583126    0.550 -0.831  3.7016  4.767    1  0.000  0.544     0.00     0.00     0.00     0.00     0.00 -1 -1.03e-14      0.00 7.848e-01 2.151e-01 4.204e-05 1.135e-05 1.030e-04 -1.000 1.689e-04 6.847 8.478 7.428 6.805 6.591 6.497 6.468
0.00024632 -1.80000 10.07918 0.6000000238 2.3211213258    0.600 -0.621  3.7277  4.700    1  0.000  0.544     0.00     0.00     0.00     0.00     0.00 -1 -1.73e-14      0.00 7.968e-01 2.030e-01 3.998e-05 1.080e-05 9.805e-05 -1.000 2.031e-04 6.322 7.637 6.783 6.266 6.096 6.032 6.016
0.00024632 -1.80000 10.07918 0.6089506149 2.3270853696    0.609 -0.582  3.7331  4.688    1  0.000  0.543     0.00     0.00     0.00     0.00     0.00 -1 -1.91e-14      0.00 7.994e-01 2.004e-01 3.954e-05 1.068e-05 9.700e-05 -1.000 2.179e-04 6.224 7.482 6.664 6.167 6.005 5.947 5.934
0.00024632 -1.80000 10.07918 0.6199615002 2.3341512641    0.620 -0.533  3.7397  4.673    1  0.000  0.543     0.00     0.00     0.00     0.00     0.00 -1 -2.15e-14      0.00 8.028e-01 1.970e-01 3.898e-05 1.053e-05 9.565e-05 -1.000 2.313e-04 6.102 7.294 6.518 6.045 5.894 5.843 5.833
0.00024632 -1.80000 10.07918 0.6306081414 2.3407142734    0.630 -0.485  3.7460  4.659    1  0.000  0.543     0.00     0.00     0.00     0.00     0.00 -1 -2.42e-14      0.00 8.062e-01 1.936e-01 3.841e-05 1.038e-05 9.429e-05 -1.000 2.400e-04 5.983 7.120 6.378 5.929 5.788 5.743 5.736
0.00024632 -1.80000 10.07918 0.6404981613 2.3465866085    0.640 -0.440  3.7517  4.644    1  0.000  0.543     0.00     0.00     0.00     0.00     0.00 -1 -1.31e-16      0.00 8.095e-01 1.902e-01 3.786e-05 1.023e-05 9.296e-05 -1.000 2.311e-04 5.871 6.958 6.249 5.820 5.689 5.650 5.646
0.00024632 -1.80000 10.07918 0.6496865749 2.3518585155    0.649 -0.399  3.7570  4.629    1  0.000  0.543     0.00     0.00     0.00     0.00     0.00 -1  -2.4e-14      0.00 8.128e-01 1.870e-01 3.732e-05 1.009e-05 9.170e-05 -1.000 2.029e-04 5.766 6.810 6.128 5.720 5.597 5.564 5.561
0.00024632 -1.80000 10.07918 0.6499999762 2.3520353107    0.650 -0.397  3.7572  4.628    1  0.000  0.543     0.00     0.00     0.00     0.00     0.00 -1 -3.02e-14      0.00 8.129e-01 1.869e-01 3.731e-05 1.009e-05 9.165e-05 -1.000 2.301e-04 5.762 6.804 6.123 5.716 5.593 5.561 5.558
0.00024632 -1.80000 10.07918 0.6562289596 2.3555089441    0.656 -0.368  3.7606  4.617    1  0.000  0.543     0.00     0.00     0.00     0.00     0.00 -1 -3.25e-14      0.00 8.156e-01 1.841e-01 3.685e-05 9.967e-06 9.057e-05 -1.000 2.455e-04 5.691 6.705 6.041 5.647 5.530 5.501 5.500
0.00024632 -1.80000 10.07918 0.6682724953 2.3620143969    0.668 -0.312  3.7670  4.595    1  0.000  0.542     0.00     0.00     0.00     0.00     0.00 -1 -3.77e-14      0.00 8.213e-01 1.785e-01 3.593e-05 9.720e-06 8.836e-05 -1.000 2.367e-04 5.550 6.519 5.884 5.513 5.406 5.383 5.384
0.00024632 -1.80000 10.07918 0.6793373227 2.3677579787    0.679 -0.259  3.7728  4.572    1  0.000  0.542     0.00     0.00     0.00     0.00     0.00 -1 -3.35e-14      0.00 8.268e-01 1.730e-01 3.502e-05 9.478e-06 8.618e-05 -1.000 2.106e-04 5.417 6.348 5.737 5.386 5.288 5.271 5.275
0.00024632 -1.80000 10.07918 0.6898880601 2.3730378310    0.690 -0.206  3.7782  4.548    1  0.000  0.541     0.00     0.00     0.00     0.00     0.00 -1 -1.31e-14      0.00 8.325e-01 1.673e-01 3.409e-05 9.231e-06 8.397e-05 -1.000 1.623e-04 5.286 6.183 5.594 5.262 5.173 5.161 5.166
0.00024632 -1.80000 10.07918 0.6997186542 2.3777928756    0.699 -0.156  3.7832  4.523    1  0.000  0.541     0.00     0.00     0.00     0.00     0.00 -1 -4.69e-14      0.00 8.381e-01 1.617e-01 3.317e-05 8.987e-06 8.178e-05 -1.000 2.164e-04 5.160 6.029 5.456 5.142 5.061 5.053 5.060
0.00024632 -1.80000 10.07918 0.6999999881 2.3779266974    0.700 -0.154  3.7833  4.522    1  0.000  0.541     0.00     0.00     0.00     0.00     0.00 -1 -5.75e-14      0.00 8.382e-01 1.616e-01 3.315e-05 8.979e-06 8.171e-05 -1.000 2.188e-04 5.156 6.024 5.452 5.139 5.057 5.050 5.057
0.00024632 -1.80000 10.07918 0.7005033493 2.3781658225    0.700 -0.152  3.7835  4.521    1  0.000  0.541     0.00     0.00     0.00     0.00     0.00 -1 -5.79e-14      0.00 8.385e-01 1.613e-01 3.309e-05 8.966e-06 8.160e-05 -1.000 2.219e-04 5.150 6.017 5.445 5.133 5.051 5.045 5.052
0.00024632 -1.80000 10.07918 0.7101447582 2.3826708960    0.710 -0.100  3.7881  4.493    1  0.000  0.538     0.00     0.00     0.00     0.00     0.00 -1 -6.69e-14      0.00 8.441e-01 1.557e-01 3.210e-05 8.724e-06 7.946e-05 -1.000 2.066e-04 5.019 5.862 5.303 5.008 4.934 4.932 4.940
0.00024632 -1.80000 10.07918 0.7186081409 2.3865111556    0.718 -0.051  3.7921  4.466    1  0.000  0.537     0.00     0.00     0.00     0.00     0.00 -1 -7.67e-14      0.00 8.488e-01 1.510e-01 3.129e-05 8.528e-06 7.771e-05 -1.000 1.934e-04 4.898 5.722 5.173 4.892 4.824 4.826 4.836
0.00024632 -1.80000 10.07918 0.7269652486 2.3902024674    0.726 -0.001  3.7959  4.436    1  0.000  0.535     0.00     0.00     0.00     0.00     0.00 -1 -8.86e-14      0.00 8.531e-01 1.467e-01 3.056e-05 8.351e-06 7.617e-05 -1.000 1.544e-04 4.773 5.578 5.038 4.771 4.709 4.715 4.726
0.00024632 -1.80000 10.07918 0.7341433167 2.3932959654    0.734  0.045  3.7991  4.407    1  0.000  0.533     0.00     0.00     0.00     0.00     0.00 -1 -1.01e-13      0.00 8.564e-01 1.434e-01 3.001e-05 8.220e-06 7.502e-05 -1.000 1.525e-04 4.659 5.449 4.917 4.660 4.604 4.613 4.625
0.00024632 -1.80000 10.07918 0.7410976291 2.3962274006    0.741  0.091  3.8020  4.376    1  0.000  0.532     0.00     0.00     0.00     0.00     0.00 -1 -4.79e-14      0.00 8.593e-01 1.405e-01 2.953e-05 8.107e-06 7.404e-05 -1.000 1.851e-04 4.542 5.320 4.792 4.546 4.495 4.506 4.520
0.00024632 -1.80000 10.07918 0.7480527759 2.3990965839    0.747  0.141  3.8049  4.342    1  0.000  0.530     0.00     0.00     0.00     0.00     0.00 -1 -3.08e-14      0.00 8.619e-01 1.378e-01 2.911e-05 8.007e-06 7.317e-05 -1.000 2.202e-04 4.417 5.183 4.659 4.424 4.377 4.392 4.406
0.00024632 -1.80000 10.07918 0.7500000000 2.3998889087    0.749  0.156  3.8056  4.331    1  0.000  0.530     0.00     0.00     0.00     0.00     0.00 -1 -1.41e-13      0.00 8.626e-01 1.371e-01 2.900e-05 7.982e-06 7.295e-05 -1.000 2.227e-04 4.380 5.143 4.620 4.388 4.343 4.357 4.372
0.00024632 -1.80000 10.07918 0.7528932691 2.4010574790    0.752  0.178  3.8069  4.316    1  0.000  0.530     0.00     0.00     0.00     0.00     0.00 -1 -1.51e-13      0.00 8.630e-01 1.368e-01 2.898e-05 7.979e-06 7.294e-05 -1.000 2.181e-04 4.326 5.084 4.563 4.334 4.291 4.307 4.322
0.00024632 -1.80000 10.07918 0.7594545484 2.4036696326    0.759  0.231  3.8095  4.277    1  0.000  0.529     0.00     0.00     0.00     0.00     0.00 -1 -1.77e-13      0.00 8.638e-01 1.361e-01 2.896e-05 7.975e-06 7.294e-05 -1.000 1.454e-04 4.192 4.939 4.421 4.202 4.164 4.182 4.198
0.00024632 -1.80000 10.07918 0.7654583454 2.4060147773    0.765  0.284  3.8115  4.235    1  0.000  0.529     0.00     0.00     0.00     0.00     0.00 -1 -2.09e-13      0.00 8.644e-01 1.354e-01 2.895e-05 7.975e-06 7.297e-05 -1.000 1.493e-04 4.060 4.798 4.282 4.071 4.036 4.057 4.073
0.00024632 -1.80000 10.07918 0.7710510492 2.4081616031    0.770  0.337  3.8130  4.192    1  0.000  0.529     0.00     0.00     0.00     0.00     0.00 -1 -2.47e-13      0.00 8.637e-01 1.362e-01 2.914e-05 8.031e-06 7.348e-05 -1.000 1.539e-04 3.928 4.661 4.145 3.940 3.908 3.930 3.946
0.00024632 -1.80000 10.07918 0.7748826742 2.4096118638    0.774  0.375  3.8135  4.158    1  0.000  0.529     0.00     0.00     0.00     0.00     0.00 -1 -2.81e-13      0.00 8.629e-01 1.370e-01 2.933e-05 8.082e-06 7.395e-05 -1.000 1.570e-04 3.832 4.562 4.046 3.844 3.813 3.835 3.852
0.00024632 -1.80000 10.07918 0.7761428952 2.4100852572    0.775  0.389  3.8134  4.144    1  0.000  0.529     0.00     0.00     0.00     0.00     0.00 -1 -2.95e-13      0.00 8.626e-01 1.373e-01 2.939e-05 8.099e-06 7.411e-05 -1.000 1.575e-04 3.797 4.527 4.010 3.808 3.777 3.800 3.816
0.00024632 -1.80000 10.07918 0.7810258865 2.4119029395    0.780  0.447  3.8119  4.083    1  0.000  0.529     0.00     0.00     0.00     0.00     0.00 -1 -3.58e-13      0.00 8.615e-01 1.383e-01 2.963e-05 8.166e-06 7.472e-05 -1.000 1.597e-04 3.653 4.386 3.867 3.662 3.629 3.650 3.666
0.00024632 -1.80000 10.07918 0.7847223878 2.4132616663    0.783  0.497  3.8089  4.023    1  0.000  0.529     0.00     0.00     0.00     0.00     0.00 -1 -4.31e-13      0.00 8.607e-01 1.392e-01 2.981e-05 8.216e-06 7.518e-05 -1.000 1.614e-04 3.528 4.270 3.746 3.533 3.496 3.514 3.529
0.00024632 -1.80000 10.07918 0.7853511572 2.4134913205    0.784  0.506  3.8082  4.011    1  0.000  0.529     0.00     0.00     0.00     0.00     0.00 -1 -4.47e-13      0.00 8.605e-01 1.393e-01 2.985e-05 8.225e-06 7.526e-05 -1.000 1.617e-04 3.505 4.249 3.724 3.508 3.471 3.488 3.502
0.00024632 -1.80000 10.07918 0.7859976888 2.4137270215    0.785  0.517  3.8071  3.996    2  0.000  0.529     0.00     0.00     0.00     0.00     0.00 -1 -4.67e-13      0.00 8.604e-01 1.394e-01 2.988e-05 8.234e-06 7.534e-05 -1.000 1.619e-04 3.478 4.227 3.700 3.481 3.442 3.458 3.472
0.00024632 -1.80000 10.07918 0.7881716490 2.4145163050    0.787  0.555  3.8021  3.939    2  0.000  0.529     0.00     0.00     0.00     0.00     0.00 -1 -5.41e-13      0.00 8.599e-01 1.399e-01 2.998e-05 8.263e-06 7.561e-05 -1.000 1.630e-04 3.383 4.148 3.614 3.380 3.334 3.345 3.357
0.00024632 -1.80000 10.07918 0.7898350954 2.4151168669    0.788  0.589  3.7959  3.881    2  0.000  0.529     0.00     0.00     0.00     0.00     0.00 -1 -6.25e-13      0.00 8.594e-01 1.404e-01 3.011e-05 8.298e-06 7.594e-05 -1.000 1.637e-04 3.297 4.087 3.542 3.289 3.233 3.238 3.248
0.00024632 -1.80000 10.07918 0.7911378741 2.4155851878    0.790  0.620  3.7885  3.821    2  0.000  0.529     0.00     0.00     0.00     0.00     0.00 -1 -7.19e-13      0.00 8.584e-01 1.414e-01 3.039e-05 8.373e-06 7.662e-05 -1.000 1.715e-04 3.219 4.041 3.482 3.205 3.138 3.136 3.143
0.00024632 -1.80000 10.07918 0.7921881676 2.4159614562    0.791  0.648  3.7804  3.762    2  0.000  0.529     0.00     0.00     0.00     0.00     0.00 -1  -8.2e-13      0.00 8.519e-01 1.479e-01 3.196e-05 8.803e-06 8.050e-05 -1.000 1.766e-04 3.150 4.010 3.433 3.130 3.050 3.040 3.044
0.00024632 -1.80000 10.07918 0.7930693030 2.4162762397    0.791  0.674  3.7723  3.704    2  0.000  0.531     0.00     0.00     0.00     0.00     0.00 -1 -9.29e-13      0.00 8.345e-01 1.653e-01 3.500e-05 9.624e-06 8.788e-05 -1.000 1.847e-04 3.086 3.991 3.391 3.060 2.967 2.949 2.951
0.00024632 -1.80000 10.07918 0.7938466072 2.4165532628    0.792  0.699  3.7647  3.648    2  0.000  0.533     0.00     0.00     0.00     0.00     0.00 -1 -5.24e-13      0.00 8.081e-01 1.916e-01 3.881e-05 1.064e-05 9.700e-05 -1.000 2.159e-04 3.022 3.971 3.347 2.991 2.887 2.861 2.860
0.00024632 -1.80000 10.07918 0.7945361733 2.4167984952    0.793  0.728  3.7578  3.592    2  0.000  0.535     0.00     0.00     0.00     0.00     0.00 -1 -4.42e-13      0.00 7.906e-01 2.092e-01 4.136e-05 1.133e-05 1.031e-04 -1.000 1.992e-04 2.951 3.945 3.297 2.917 2.801 2.769 2.765
0.00024632 -1.80000 10.07918 0.7952190042 2.4170408504    0.793  0.765  3.7514  3.530    2  0.000  0.536     0.00     0.00     0.00     0.00     0.00 -1 -5.82e-13      0.00 7.800e-01 2.198e-01 4.294e-05 1.175e-05 1.069e-04 -1.000 2.443e-04 2.858 3.896 3.224 2.823 2.697 2.658 2.651
0.00024632 -1.80000 10.07918 0.7957579494 2.4172317989    0.794  0.802  3.7472  3.477    2  0.000  0.536     0.00     0.00     0.00     0.00     0.00 -1 -7.43e-13      0.00 7.747e-01 2.251e-01 4.373e-05 1.196e-05 1.087e-04 -1.000 2.554e-04 2.765 3.833 3.145 2.729 2.597 2.553 2.545
0.00024632 -1.80000 10.07918 0.7961263657 2.4173621580    0.794  0.831  3.7446  3.438    2  0.000  0.536     0.00     0.00     0.00     0.00     0.00 -1 -8.88e-13      0.00 7.719e-01 2.279e-01 4.414e-05 1.207e-05 1.097e-04 -1.000 2.455e-04 2.694 3.781 3.082 2.657 2.521 2.474 2.465
0.00024632 -1.80000 10.07918 0.7962946892 2.4174216708    0.794  0.845  3.7436  3.419    3  0.000  0.536     0.00     0.00     0.00     0.00     0.00 -1  -9.7e-13      0.00 7.709e-01 2.289e-01 4.428e-05 1.211e-05 1.101e-04 -1.000 1.814e-04 2.657 3.751 3.049 2.620 2.482 2.434 2.425
0.00024632 -1.80000 10.07918 0.7967463732 2.4175812261    0.795  0.887  3.7413  3.368    3  0.000  0.537     0.00     0.00     0.00     0.00     0.00 -1 -1.22e-12      0.00 7.684e-01 2.313e-01 4.462e-05 1.220e-05 1.109e-04 -1.000 2.662e-04 2.552 3.663 2.952 2.515 2.373 2.323 2.313
0.00024632 -1.80000 10.07918 0.7972405553 2.4177555556    0.795  0.937  3.7390  3.310    3  0.000  0.537     0.00     0.00     0.00     0.00     0.00 -1  -1.6e-12      0.00 7.661e-01 2.337e-01 4.491e-05 1.227e-05 1.116e-04 -1.000 2.567e-04 2.428 3.557 2.835 2.391 2.246 2.193 2.181
0.00024632 -1.80000 10.07918 0.7976602316 2.4179034071    0.796  0.982  3.7373  3.258    3  0.000  0.537     0.00     0.00     0.00     0.00     0.00 -1 -2.03e-12      0.00 7.642e-01 2.355e-01 4.510e-05 1.233e-05 1.120e-04 -1.000 2.563e-04 2.315 3.458 2.729 2.279 2.131 2.076 2.063
0.00024632 -1.80000 10.07918 0.7980613708 2.4180445609    0.796  1.028  3.7356  3.205    3  0.000  0.537     0.00     0.00     0.00     0.00     0.00 -1 -2.58e-12      0.00 7.627e-01 2.371e-01 4.527e-05 1.237e-05 1.124e-04 -1.000 2.681e-04 2.200 3.356 2.619 2.165 2.014 1.957 1.944
0.00024632 -1.80000 10.07918 0.7984689474 2.4181878128    0.796  1.078  3.7340  3.149    3  0.000  0.537     0.00     0.00     0.00     0.00     0.00 -1 -3.34e-12      0.00 7.609e-01 2.388e-01 4.541e-05 1.242e-05 1.128e-04 -1.000 2.681e-04 2.074 3.244 2.500 2.040 1.887 1.828 1.814
0.00024632 -1.80000 10.07918 0.7988436222 2.4183193524    0.797  1.128  3.7325  3.093    3  0.000  0.537     0.00     0.00     0.00     0.00     0.00 -1 -4.28e-12      0.00 7.594e-01 2.403e-01 4.551e-05 1.245e-05 1.131e-04 -1.000 2.664e-04 1.950 3.130 2.380 1.916 1.761 1.700 1.685
0.00024632 -1.80000 10.07918 0.7991800308 2.4184373368    0.797  1.177  3.7310  3.038    3  0.000  0.536     0.00     0.00     0.00     0.00     0.00 -1 -5.42e-12      0.00 7.581e-01 2.417e-01 4.557e-05 1.248e-05 1.133e-04 -1.000 2.587e-04 1.828 3.020 2.264 1.795 1.638 1.576 1.559
0.00024632 -1.80000 10.07918 0.7994741797 2.4185404064    0.797  1.223  3.7295  2.987    3  0.000  0.536     0.00     0.00     0.00     0.00     0.00 -1 -6.76e-12      0.00 7.569e-01 2.428e-01 4.559e-05 1.251e-05 1.135e-04 -1.000 2.539e-04 1.713 2.917 2.154 1.681 1.521 1.457 1.440
0.00024632 -1.80000 10.07918 0.7997608781 2.4186407814    0.797  1.272  3.7280  2.932    3  0.000  0.535     0.00     0.00     0.00     0.00     0.00 -1 -8.51e-12      0.00 7.557e-01 2.440e-01 4.557e-05 1.255e-05 1.136e-04 -1.000 2.676e-04 1.591 2.807 2.037 1.559 1.397 1.332 1.314
0.00024632 -1.80000 10.07918 0.8000000119 2.4187244405    0.797  1.316  3.7267  2.882    3  0.000  0.534     0.00     0.00     0.00     0.00     0.00 -1 -1.04e-11      0.00 7.549e-01 2.448e-01 4.552e-05 1.260e-05 1.137e-04 -1.000 2.606e-04 1.479 2.707 1.931 1.449 1.284 1.217 1.199
0.00024632 -1.80000 10.07918 0.8000360131 2.4187370302    0.797  1.323  3.7265  2.875    3  0.000  0.534     0.00     0.00     0.00     0.00     0.00 -1 -1.07e-11      0.00 7.548e-01 2.449e-01 4.551e-05 1.261e-05 1.138e-04 -1.000 2.595e-04 1.462 2.692 1.915 1.432 1.267 1.200 1.182
0.00024632 -1.80000 10.07918 0.8002675176 2.4188179571    0.797  1.370  3.7250  2.822    3  0.000  0.533     0.00     0.00     0.00     0.00     0.00 -1 -1.27e-11      0.00 7.540e-01 2.458e-01 4.543e-05 1.268e-05 1.138e-04 -1.000 2.524e-04 1.345 2.588 1.803 1.315 1.149 1.080 1.060
0.00024632 -1.80000 10.07918 0.8004786372 2.4188917111    0.797  1.417  3.7235  2.769    3  0.000  0.531     0.00     0.00     0.00     0.00     0.00 -1  -1.5e-11      0.00 7.533e-01 2.464e-01 4.534e-05 1.275e-05 1.139e-04 -1.000 2.682e-04 1.229 2.484 1.692 1.200 1.031 0.960 0.940
0.00024632 -1.80000 10.07918 0.8006771803 2.4189610307    0.797  1.465  3.7220  2.715    3  0.000  0.530     0.00     0.00     0.00     0.00     0.00 -1 -1.78e-11      0.00 7.528e-01 2.469e-01 4.524e-05 1.284e-05 1.140e-04 -1.000 2.681e-04 1.109 2.377 1.578 1.081 0.909 0.837 0.816
0.00024632 -1.80000 10.07918 0.8008527160 2.4190222846    0.797  1.511  3.7203  2.662    3  0.000  0.529     0.00     0.00     0.00     0.00     0.00 -1 -2.11e-11      0.00 7.524e-01 2.473e-01 4.516e-05 1.292e-05 1.140e-04 -1.000 2.680e-04 0.993 2.274 1.468 0.966 0.792 0.717 0.696
0.00024632 -1.80000 10.07918 0.8010196090 2.4190804939    0.797  1.559  3.7187  2.607    3  0.000  0.528     0.00     0.00     0.00     0.00     0.00 -1 -2.51e-11      0.00 7.521e-01 2.476e-01 4.509e-05 1.298e-05 1.140e-04 -1.000 2.681e-04 0.872 2.169 1.354 0.846 0.670 0.593 0.571
0.00024632 -1.80000 10.07918 0.8011667132 2.4191317782    0.797  1.606  3.7171  2.554    3  0.000  0.528     0.00     0.00     0.00     0.00     0.00 -1 -2.97e-11      0.00 7.520e-01 2.478e-01 4.506e-05 1.302e-05 1.141e-04 -1.000 2.682e-04 0.755 2.067 1.244 0.731 0.552 0.474 0.450
0.00024632 -1.80000 10.07918 0.8012976646 2.4191774129    0.797  1.651  3.7154  2.502    3  0.000  0.527     0.00     0.00     0.00     0.00     0.00 -1  -3.5e-11      0.00 7.519e-01 2.479e-01 4.503e-05 1.304e-05 1.141e-04 -1.000 2.681e-04 0.642 1.969 1.138 0.620 0.438 0.358 0.333
0.00024632 -1.80000 10.07918 0.8014224172 2.4192208715    0.797  1.698  3.7137  2.448    3  0.000  0.527     0.00     0.00     0.00     0.00     0.00 -1 -4.15e-11      0.00 7.519e-01 2.479e-01 4.502e-05 1.306e-05 1.141e-04 -1.000 2.682e-04 0.525 1.871 1.028 0.503 0.318 0.236 0.211
0.00024632 -1.80000 10.07918 0.8015353084 2.4192601846    0.797  1.744  3.7120  2.395    3  0.000  0.527     0.00     0.00     0.00     0.00     0.00 -1 -4.91e-11      0.00 7.518e-01 2.479e-01 4.502e-05 1.306e-05 1.141e-04 -1.000 2.682e-04 0.409 1.773 0.919 0.388 0.200 0.116 0.090
0.00024632 -1.80000 10.07918 0.8016347289 2.4192947963    0.797  1.789  3.7103  2.344    3  0.000  0.527     0.00     0.00     0.00     0.00     0.00 -1 -5.77e-11      0.00 7.518e-01 2.479e-01 4.502e-05 1.306e-05 1.141e-04 -1.000 2.682e-04 0.298 1.681 0.816 0.277 0.087 0.001 -0.026
0.00024632 -1.80000 10.07918 0.8017261028 2.4193265979    0.797  1.833  3.7086  2.292    3  0.000  0.527     0.00     0.00     0.00     0.00     0.00 -1 -6.78e-11      0.00 7.518e-01 2.479e-01 4.501e-05 1.307e-05 1.141e-04 -1.000 2.682e-04 0.187 1.590 0.713 0.168 -0.026 -0.114 -0.141
0.00024632 -1.80000 10.07918 0.8018144369 2.4193573336    0.796  1.880  3.7068  2.239    3  0.000  0.527     0.00     0.00     0.00     0.00     0.00 -1 -8.02e-11      0.00 7.518e-01 2.479e-01 4.501e-05 1.307e-05 1.141e-04 -1.000 2.681e-04 0.071 1.496 0.606 0.053 -0.143 -0.233 -0.262
0.00024632 -1.80000 10.07918 0.8018918037 2.4193842468    0.796  1.924  3.7050  2.187    3  0.000  0.527     0.00     0.00     0.00     0.00     0.00 -1 -9.43e-11      0.00 7.518e-01 2.479e-01 4.501e-05 1.307e-05 1.141e-04 -1.000 2.681e-04 -0.039 1.408 0.505 -0.055 -0.255 -0.347 -0.377
0.00024632 -1.80000 10.07918 0.8019629717 2.4194089984    0.796  1.967  3.7032  2.136    3  0.000  0.527     0.00     0.00     0.00     0.00     0.00 -1 -1.11e-10      0.00 7.518e-01 2.479e-01 4.501e-05 1.307e-05 1.141e-04 -1.000 2.682e-04 -0.149 1.320 0.404 -0.164 -0.366 -0.461 -0.491
0.00024632 -1.80000 10.07918 0.8020303249 2.4194324187    0.795  2.012  3.7014  2.084    3  0.000  0.527     0.00     0.00     0.00     0.00     0.00 -1  -1.3e-10      0.00 7.518e-01 2.479e-01 4.501e-05 1.308e-05 1.141e-04 -1.000 2.682e-04 -0.261 1.230 0.301 -0.274 -0.480 -0.577 -0.608
0.00024632 -1.80000 10.07918 0.8020896316 2.4194530372    0.795  2.054  3.6996  2.035    3  0.000  0.527     0.00     0.00     0.00     0.00     0.00 -1 -1.52e-10      0.00 7.518e-01 2.479e-01 4.501e-05 1.308e-05 1.141e-04 -1.000 2.681e-04 -0.365 1.149 0.207 -0.377 -0.586 -0.685 -0.717
0.00024632 -1.80000 10.07918 0.8021467328 2.4194728857    0.795  2.096  3.6978  1.985    3  0.000  0.527     0.00     0.00     0.00     0.00     0.00 -1 -1.77e-10      0.00 7.518e-01 2.479e-01 4.500e-05 1.308e-05 1.141e-04 -1.000 2.682e-04 -0.470 1.069 0.112 -0.480 -0.692 -0.793 -0.827
0.00024632 -1.80000 10.07918 0.8022059798 2.4194934766    0.794  2.138  3.6960  1.936    3  0.000  0.527     0.00     0.00     0.00     0.00     0.00 -1 -2.07e-10      0.00 7.518e-01 2.479e-01 4.500e-05 1.308e-05 1.141e-04 -1.000 2.681e-04 -0.576 0.990 0.017 -0.583 -0.799 -0.902 -0.937
0.00024632 -1.80000 10.07918 0.8022589684 2.4195118894    0.794  2.162  3.6950  1.908    3  0.000  0.527     0.00     0.00     0.00     0.00     0.00 -1 -2.27e-10      0.00 7.518e-01 2.479e-01 4.500e-05 1.308e-05 1.141e-04 -1.000 2.681e-04 -0.635 0.945 -0.037 -0.642 -0.859 -0.964 -0.999
0.00024632 -1.80000 10.07918 0.8022911549 2.4195230725    0.793  2.152  3.6957  1.920    3  0.000  0.527     0.00     0.00     0.00     0.00     0.00 -1  -2.2e-10      0.00 7.518e-01 2.480e-01 4.500e-05 1.308e-05 1.141e-04 -1.000 2.682e-04 -0.611 0.959 -0.017 -0.618 -0.834 -0.938 -0.973
0.00024632 -1.80000 10.07918 0.8022954464 2.4195245635    0.793  2.151  3.6958  1.922    3  0.000  0.527     0.00     0.00     0.00     0.00     0.00 -1 -2.19e-10      0.00 7.518e-01 2.480e-01 4.500e-05 1.309e-05 1.141e-04 -1.000 2.682e-04 -0.608 0.961 -0.014 -0.615 -0.831 -0.935 -0.970
0.00024632 -1.80000 10.07918 0.8023213148 2.4195335505    0.793  2.177  3.6946  1.890    3  0.000  0.527     0.00     0.00     0.00     0.00     0.00 -1  -2.4e-10      0.00 7.518e-01 2.480e-01 4.500e-05 1.309e-05 1.141e-04 -1.000 2.681e-04 -0.673 0.914 -0.072 -0.679 -0.898 -1.003 -1.038
0.00024632 -1.80000 10.07918 0.8023605943 2.4195471953    0.792  2.219  3.6927  1.841    3  0.000  0.527     0.00     0.00     0.00     0.00     0.00 -1 -2.78e-10      0.00 7.518e-01 2.480e-01 4.500e-05 1.309e-05 1.141e-04 -1.000 2.681e-04 -0.777 0.839 -0.165 -0.782 -1.003 -1.111 -1.148
0.00024632 -1.80000 10.07918 0.8023971319 2.4195598864    0.792  2.260  3.6908  1.792    3  0.000  0.527     0.00     0.00     0.00     0.00     0.00 -1 -3.24e-10      0.00 7.518e-01 2.480e-01 4.500e-05 1.309e-05 1.141e-04 -1.000 2.681e-04 -0.880 0.765 -0.257 -0.882 -1.108 -1.218 -1.256
0.00024632 -1.80000 10.07918 0.8024308681 2.4195716032    0.791  2.301  3.6889  1.743    3  0.000  0.527     0.00     0.00     0.00     0.00     0.00 -1 -3.76e-10      0.00 7.518e-01 2.480e-01 4.500e-05 1.309e-05 1.141e-04 -1.000 2.681e-04 -0.982 0.695 -0.346 -0.981 -1.210 -1.323 -1.362
0.00024632 -1.80000 10.07918 0.8024605513 2.4195819114    0.791  2.339  3.6870  1.697    3  0.000  0.527     0.00     0.00     0.00     0.00     0.00 -1 -4.33e-10      0.00 7.518e-01 2.480e-01 4.500e-05 1.309e-05 1.141e-04 -1.000 2.682e-04 -1.077 0.631 -0.429 -1.073 -1.306 -1.421 -1.461
0.00024632 -1.80000 10.07918 0.8024893403 2.4195919083    0.790  2.378  3.6852  1.650    3  0.000  0.527     0.00     0.00     0.00     0.00     0.00 -1 -5.01e-10      0.00 7.518e-01 2.480e-01 4.500e-05 1.309e-05 1.141e-04 -1.000 2.682e-04 -1.176 0.567 -0.515 -1.170 -1.406 -1.524 -1.565
0.00024632 -1.80000 10.07918 0.8025147319 2.4196007247    0.789  2.416  3.6832  1.604    3  0.000  0.527     0.00     0.00     0.00     0.00     0.00 -1 -5.76e-10      0.00 7.518e-01 2.480e-01 4.500e-05 1.309e-05 1.141e-04 -1.000 2.682e-04 -1.269 0.522 -0.593 -1.262 -1.501 -1.622 -1.664
0.00024632 -1.80000 10.07918 0.8025394082 2.4196092922    0.789  2.454  3.6814  1.558    3  0.000  0.527     0.00     0.00     0.00     0.00     0.00 -1 -6.64e-10      0.00 7.518e-01 2.480e-01 4.500e-05 1.309e-05 1.141e-04 -1.000 2.682e-04 -1.366 0.471 -0.675 -1.357 -1.600 -1.723 -1.766
0.00024632 -1.80000 10.07918 0.8025612235 2.4196168659    0.788  2.491  3.6795  1.513    3  0.000  0.527     0.00     0.00     0.00     0.00     0.00 -1 -7.61e-10      0.00 7.518e-01 2.480e-01 4.499e-05 1.309e-05 1.141e-04 -1.000 2.682e-04 -1.458 0.431 -0.751 -1.448 -1.695 -1.819 -1.864
0.00024632 -1.80000 10.07918 0.8025867343 2.4196257219    0.787  2.537  3.6771  1.457    3  0.000  0.527     7.29     5.74     4.07     3.15     2.55  3 -9.02e-10      0.00 7.518e-01 2.480e-01 4.499e-05 1.309e-05 1.141e-04 -1.000 2.681e-04 -1.572 0.387 -0.842 -1.560 -1.812 -1.940 -1.986
0.00024632 -1.80000 10.07918 0.8026093245 2.4196335634    0.786  2.581  3.6748  1.404    3  0.000  0.527     8.17     6.32     4.46     3.46     2.80  3 -1.06e-09      0.00 7.518e-01 2.480e-01 4.499e-05 1.310e-05 1.141e-04 -1.000 2.682e-04 -1.682 0.350 -0.928 -1.667 -1.924 -2.055 -2.103
0.00024632 -1.80000 10.07918 0.8026270866 2.4196397288    0.785  2.618  3.6728  1.358    3  0.000  0.527     9.00     6.87     4.83     3.75     3.03  3 -1.22e-09      0.00 7.518e-01 2.480e-01 4.499e-05 1.310e-05 1.141e-04 -1.000 2.681e-04 -1.775 0.328 -0.998 -1.757 -2.019 -2.153 -2.202
0.00024632 -1.80000 10.07918 0.8026460409 2.4196463075    0.783  2.660  3.6705  1.306    3  0.000  0.527    10.03     7.54     5.28     4.10     3.32  3 -1.43e-09      0.00 7.518e-01 2.480e-01 4.499e-05 1.310e-05 1.141e-04 -1.000 2.682e-04 -1.879 0.304 -1.076 -1.859 -2.127 -2.264 -2.314
0.00024632 -1.80000 10.07918 0.8026611209 2.4196515413    0.782  2.696  3.6685  1.261    3  0.000  0.527    11.03     8.17     5.70     4.43     3.59  3 -1.63e-09      0.00 7.518e-01 2.480e-01 4.499e-05 1.310e-05 1.141e-04 -1.000 2.682e-04 -1.970 0.291 -1.141 -1.946 -2.219 -2.359 -2.411
0.00024632 -1.80000 10.07918 0.8026770949 2.4196570851    0.781  2.736  3.6662  1.211    3  0.000  0.527    12.27     8.95     6.21     4.84     3.92  3  -1.9e-09      0.00 7.518e-01 2.480e-01 4.499e-05 1.310e-05 1.141e-04 -1.000 2.682e-04 -2.070 0.283 -1.210 -2.042 -2.322 -2.466 -2.519
0.00024632 -1.80000 10.07918 0.8026923537 2.4196623805    0.779  2.778  3.6638  1.159    3  0.000  0.527    13.68     9.82     6.79     5.30     4.29  2 -2.22e-09      0.00 7.517e-01 2.480e-01 4.499e-05 1.310e-05 1.141e-04 -1.000 2.682e-04 -2.174 0.279 -1.280 -2.142 -2.428 -2.575 -2.630
0.00024632 -1.80000 10.07918 0.8027066588 2.4196673447    0.777  2.819  3.6613  1.107    3  0.000  0.527    15.28    10.79     7.43     5.80     4.70  2  -2.6e-09      0.00 7.517e-01 2.480e-01 4.499e-05 1.310e-05 1.141e-04 -1.000 2.681e-04 -2.278 0.286 -1.346 -2.240 -2.534 -2.685 -2.741
0.00024632 -1.80000 10.07918 0.8027190566 2.4196716468    0.776  2.857  3.6591  1.059    3  0.000  0.527    16.91    11.76     8.07     6.31     5.11  2 -3.01e-09      0.00 7.517e-01 2.480e-01 4.499e-05 1.310e-05 1.141e-04 -1.000 2.682e-04 -2.374 0.297 -1.404 -2.330 -2.631 -2.786 -2.844
0.00024632 -1.80000 10.07918 0.8027311563 2.4196758454    0.774  2.897  3.6566  1.008    3  0.000  0.527    18.84    12.89     8.81     6.90     5.59  2  -3.5e-09      0.00 7.517e-01 2.480e-01 4.499e-05 1.310e-05 1.141e-04 -1.000 2.682e-04 -2.474 0.298 -1.465 -2.421 -2.730 -2.890 -2.950
0.00024632 -1.80000 10.07918 0.8027417064 2.4196795061    0.772  2.935  3.6545  0.960    3  0.000  0.527    20.81    14.03     9.55     7.49     6.07  2 -4.03e-09      0.00 7.517e-01 2.480e-01 4.499e-05 1.310e-05 1.141e-04 -1.000 2.682e-04 -2.567 0.286 -1.524 -2.505 -2.822 -2.986 -3.048
0.00024632 -1.80000 10.07918 0.8027518988 2.4196830426    0.769  2.973  3.6520  0.911    3  0.000  0.527    23.08    15.33    10.39     8.16     6.62  2 -4.67e-09      0.00 7.517e-01 2.480e-01 4.499e-05 1.310e-05 1.141e-04 -1.000 2.681e-04 -2.663 0.282 -1.579 -2.590 -2.916 -3.084 -3.148
0.00024632 -1.80000 10.07918 0.8027614355 2.4196863516    0.767  3.011  3.6497  0.862    3  0.000  0.527    25.58    16.73    11.29     8.88     7.20  1  -5.4e-09      0.00 7.517e-01 2.480e-01 4.499e-05 1.310e-05 1.141e-04 -1.000 2.681e-04 -2.758 0.276 -1.635 -2.673 -3.008 -3.181 -3.247
0.00024632 -1.80000 10.07918 0.8027697802 2.4196892468    0.764  3.046  3.6475  0.817    3  0.000  0.527    28.15    18.14    12.20     9.61     7.79  1 -6.18e-09      0.00 7.517e-01 2.480e-01 4.499e-05 1.310e-05 1.141e-04 -1.000 2.681e-04 -2.846 0.270 -1.686 -2.750 -3.093 -3.270 -3.338
0.00024632 -1.80000 10.07918 0.8027778864 2.4196920592    0.762  3.082  3.6451  0.770    3  0.000  0.527    31.07    19.73    13.22    10.43     8.46  1 -7.09e-09      0.00 7.517e-01 2.480e-01 4.499e-05 1.310e-05 1.141e-04 -1.000 2.681e-04 -2.935 0.269 -1.736 -2.828 -3.179 -3.361 -3.431
0.00024632 -1.80000 10.07918 0.8027854562 2.4196946855    0.759  3.118  3.6429  0.724    3  0.000  0.527    34.24    21.43    14.30    11.29     9.16  1 -8.13e-09      0.00 7.517e-01 2.480e-01 4.499e-05 1.310e-05 1.141e-04 -1.000 2.682e-04 -3.024 0.263 -1.787 -2.905 -3.265 -3.452 -3.524
0.00024632 -1.80000 10.07918 0.8027923703 2.4196970843    0.756  3.152  3.6406  0.679    3  0.000  0.527    37.63    23.21    15.43    12.21     9.90  1 -9.29e-09      0.00 7.517e-01 2.480e-01 4.499e-05 1.310e-05 1.141e-04 -1.000 2.682e-04 -3.109 0.264 -1.833 -2.978 -3.347 -3.538 -3.612
0.00024632 -1.80000 10.07918 0.8027992249 2.4196994623    0.752  3.187  3.6383  0.632    3  0.000  0.527    41.54    25.24    16.71    13.24    10.74  1 -1.07e-08      0.00 7.517e-01 2.480e-01 4.499e-05 1.310e-05 1.141e-04 -1.000 2.682e-04 -3.198 0.264 -1.877 -3.053 -3.431 -3.627 -3.703
0.00024632 -1.80000 10.07918 0.8028053641 2.4197015921    0.748  3.220  3.6362  0.588    3  0.000  0.527    45.54    27.28    18.00    14.28    11.59  1 -1.21e-08      0.00 7.517e-01 2.480e-01 4.499e-05 1.310e-05 1.141e-04 -1.000 2.682e-04 -3.281 0.264 -1.918 -3.122 -3.509 -3.710 -3.788
0.00024632 -1.80000 10.07918 0.8028112650 2.4197036392    0.744  3.253  3.6340  0.544    3  0.000  0.527    49.97    29.51    19.40    15.41    12.51  1 -1.38e-08      0.00 7.517e-01 2.480e-01 4.499e-05 1.310e-05 1.141e-04 -1.000 2.682e-04 -3.364 0.266 -1.958 -3.190 -3.587 -3.793 -3.873
0.00024632 -1.80000 10.07918 0.8028162122 2.4197053554    0.741  3.279  3.6323  0.509    3  0.000  0.527    53.77    31.39    20.58    16.36    13.28  1 -1.54e-08      0.00 7.517e-01 2.480e-01 4.499e-05 1.310e-05 1.141e-04 -1.000 2.682e-04 -3.429 0.267 -1.989 -3.244 -3.648 -3.858 -3.940
0.00024632 -1.80000 10.07918 0.8028162122 2.4197053554    0.741  1.691  3.8505  2.971    4  0.000  0.529     0.00     0.00     0.00     0.00     0.00 -1    -1e-30      0.00 7.513e-01 2.484e-01 4.560e-05 1.308e-05 1.151e-04 -1.000 2.682e-04 0.543 1.074 0.563 0.534 0.591 0.628 0.653
0.00024632 -1.80000 10.07918 0.8028194904 2.4197064927    0.741  1.696  3.8480  2.955    4  0.000  0.529     0.00     0.00     0.00     0.00     0.00 -1    -1e-30      0.00 7.513e-01 2.484e-01 4.560e-05 1.308e-05 1.151e-04 -1.000 2.683e-04 0.529 1.068 0.555 0.518 0.570 0.606 0.630
0.00024632 -1.80000 10.07918 0.8028743267 2.4197255141    0.741  1.713  3.8409  2.911    4  0.000  0.529     0.00     0.00     0.00     0.00     0.00 -1    -1e-30      0.00 7.513e-01 2.484e-01 4.560e-05 1.308e-05 1.151e-04 -1.000 2.683e-04 0.488 1.048 0.531 0.471 0.511 0.542 0.565
0.00024632 -1.80000 10.07918 0.8029298186 2.4197447599    0.741  1.714  3.8416  2.912    4  0.000  0.529     0.00     0.00     0.00     0.00     0.00 -1    -1e-30      0.00 7.513e-01 2.484e-01 4.560e-05 1.308e-05 1.151e-04 -1.000 2.682e-04 0.486 1.043 0.527 0.469 0.510 0.542 0.565
0.00024632 -1.80000 10.07918 0.8029865026 2.4197644159    0.741  1.714  3.8427  2.916    4  0.000  0.529     0.00     0.00     0.00     0.00     0.00 -1    -1e-30      0.00 7.513e-01 2.484e-01 4.560e-05 1.308e-05 1.151e-04 -1.000 2.681e-04 0.485 1.039 0.524 0.469 0.512 0.545 0.568
0.00024632 -1.80000 10.07918 0.8030427098 2.4197839035    0.741  1.714  3.8439  2.921    4  0.000  0.529     0.00     0.00     0.00     0.00     0.00 -1    -1e-30      0.00 7.513e-01 2.484e-01 4.560e-05 1.308e-05 1.151e-04 -1.000 2.682e-04 0.485 1.036 0.521 0.470 0.516 0.549 0.572
0.00024632 -1.80000 10.07918 0.8030955195 2.4198022103    0.741  1.714  3.8451  2.927    4  0.000  0.529     0.00     0.00     0.00     0.00     0.00 -1    -1e-30      0.00 7.513e-01 2.484e-01 4.560e-05 1.308e-05 1.151e-04 -1.000 2.681e-04 0.486 1.032 0.518 0.472 0.520 0.554 0.577
0.00024632 -1.80000 10.07918 0.8031474352 2.4198202044    0.741  1.713  3.8464  2.932    4  0.000  0.529     0.00     0.00     0.00     0.00     0.00 -1    -1e-30      0.00 7.513e-01 2.484e-01 4.560e-05 1.308e-05 1.151e-04 -1.000 2.682e-04 0.487 1.029 0.515 0.474 0.524 0.558 0.582
0.00024632 -1.80000 10.07918 0.8031999469 2.4198384024    0.741  1.713  3.8476  2.937    4  0.000  0.529     0.00     0.00     0.00     0.00     0.00 -1    -1e-30      0.00 7.513e-01 2.484e-01 4.560e-05 1.308e-05 1.151e-04 -1.000 2.681e-04 0.488 1.026 0.513 0.476 0.528 0.563 0.588
0.00024632 -1.80000 10.07918 0.8032549024 2.4198574444    0.741  1.713  3.8488  2.942    4  0.000  0.529     0.00     0.00     0.00     0.00     0.00 -1    -1e-30      0.00 7.513e-01 2.484e-01 4.560e-05 1.308e-05 1.151e-04 -1.000 2.683e-04 0.489 1.023 0.511 0.478 0.532 0.568 0.593
0.00024632 -1.80000 10.07918 0.8033090830 2.4198762150    0.741  1.712  3.8497  2.946    4  0.000  0.529     0.00     0.00     0.00     0.00     0.00 -1    -1e-30      0.00 7.513e-01 2.484e-01 4.560e-05 1.308e-05 1.151e-04 -1.000 2.683e-04 0.489 1.021 0.509 0.479 0.535 0.571 0.596
0.00024632 -1.80000 10.07918 0.8033648133 2.4198955194    0.741  1.712  3.8503  2.949    4  0.000  0.529     0.00     0.00     0.00     0.00     0.00 -1    -1e-30      0.00 7.513e-01 2.484e-01 4.560e-05 1.308e-05 1.151e-04 -1.000 2.683e-04 0.489 1.019 0.508 0.479 0.537 0.573 0.598
0.00024632 -1.80000 10.07918 0.8034201264 2.4199146762    0.741  1.713  3.8505  2.949    4  0.000  0.529     0.00     0.00     0.00     0.00     0.00 -1    -1e-30      0.00 7.513e-01 2.484e-01 4.560e-05 1.308e-05 1.151e-04 -1.000 2.681e-04 0.488 1.018 0.507 0.479 0.537 0.573 0.598
0.00024632 -1.80000 10.07918 0.8034747839 2.4199336030    0.741  1.713  3.8502  2.948    4  0.000  0.529     0.00     0.00     0.00     0.00     0.00 -1    -1e-30      0.00 7.513e-01 2.484e-01 4.560e-05 1.308e-05 1.151e-04 -1.000 2.681e-04 0.487 1.017 0.506 0.478 0.535 0.571 0.596
0.00024632 -1.80000 10.07918 0.8035277128 2.4199519284    0.741  1.714  3.8495  2.944    4  0.000  0.529     0.00     0.00     0.00     0.00     0.00 -1    -1e-30      0.00 7.513e-01 2.484e-01 4.560e-05 1.308e-05 1.151e-04 -1.000 2.681e-04 0.486 1.018 0.506 0.475 0.531 0.567 0.592
0.00024632 -1.80000 10.07918 0.8035508394 2.4199599346    0.741  1.714  3.8491  2.942    4  0.000  0.529     0.00     0.00     0.00     0.00     0.00 -1    -1e-30      0.00 7.513e-01 2.484e-01 4.560e-05 1.308e-05 1.151e-04 -1.000 2.682e-04 0.485 1.018 0.506 0.474 0.529 0.565 0.590
0.00024632 -1.80000 10.07918 0.8035629392 2.4199641232    0.741  1.714  3.8487  2.941    4  0.000  0.529     0.00     0.00     0.00     0.00     0.00 -1    -1e-30      0.00 7.513e-01 2.484e-01 4.560e-05 1.308e-05 1.151e-04 -1.000 2.683e-04 0.484 1.019 0.506 0.473 0.527 0.563 0.588
0.00024632 -1.80000 10.07918 0.8036161065 2.4199825265    0.741  1.716  3.8470  2.932    4  0.000  0.529     0.00     0.00     0.00     0.00     0.00 -1    -1e-30      0.00 7.513e-01 2.484e-01 4.560e-05 1.308e-05 1.151e-04 -1.000 2.681e-04 0.481 1.021 0.508 0.468 0.520 0.554 0.579
0.00024632 -1.80000 10.07918 0.8036698699 2.4200011333    0.741  1.717  3.8446  2.921    4  0.000  0.529     0.00     0.00     0.00     0.00     0.00 -1    -1e-30      0.00 7.513e-01 2.484e-01 4.560e-05 1.308e-05 1.151e-04 -1.000 2.683e-04 0.476 1.024 0.509 0.462 0.509 0.543 0.566
0.00024632 -1.80000 10.07918 0.8037227988 2.4200194484    0.742  1.719  3.8417  2.907    4  0.000  0.529     0.00     0.00     0.00     0.00     0.00 -1    -1e-30      0.00 7.513e-01 2.484e-01 4.560e-05 1.308e-05 1.151e-04 -1.000 2.682e-04 0.471 1.028 0.512 0.454 0.496 0.528 0.551
0.00024632 -1.80000 10.07918 0.8037748933 2.4200374722    0.742  1.722  3.8382  2.891    4  0.000  0.529     0.00     0.00     0.00     0.00     0.00 -1    -1e-30      0.00 7.513e-01 2.484e-01 4.560e-05 1.308e-05 1.151e-04 -1.000 2.683e-04 0.465 1.033 0.515 0.445 0.481 0.511 0.533
0.00024632 -1.80000 10.07918 0.8038268089 2.4200554313    0.742  1.725  3.8341  2.872    4  0.000  0.529     0.00     0.00     0.00     0.00     0.00 -1    -1e-30      0.00 7.513e-01 2.484e-01 4.560e-05 1.308e-05 1.151e-04 -1.000 2.683e-04 0.458 1.040 0.519 0.435 0.463 0.491 0.512
0.00024632 -1.80000 10.07918 0.8038783073 2.4200732436    0.742  1.728  3.8294  2.850    4  0.000  0.529     0.00     0.00     0.00     0.00     0.00 -1    -1e-30      0.00 7.513e-01 2.484e-01 4.560e-05 1.308e-05 1.151e-04 -1.000 2.683e-04 0.450 1.048 0.523 0.424 0.443 0.468 0.488
0.00024632 -1.80000 10.07918 0.8039299250 2.4200910944    0.742  1.731  3.8242  2.826    4  0.000  0.529     0.00     0.00     0.00     0.00     0.00 -1    -1e-30      0.00 7.513e-01 2.484e-01 4.560e-05 1.308e-05 1.151e-04 -1.000 2.682e-04 0.441 1.059 0.529 0.412 0.422 0.443 0.461
0.00024632 -1.80000 10.07918 0.8039348125 2.4200927845    0.742  1.732  3.8237  2.823    4  0.000  0.529     0.00     0.00     0.00     0.00     0.00 -1    -1e-30      0.00 7.513e-01 2.484e-01 4.560e-05 1.308e-05 1.151e-04 -1.000 2.682e-04 0.441 1.060 0.530 0.411 0.419 0.441 0.459
0.00024632 -1.80000 10.07918 0.8039438725 2.4200959173    0.742  1.732  3.8227  2.819    4  0.000  0.529     0.00     0.00     0.00     0.00     0.00 -1    -1e-30      0.00 7.513e-01 2.484e-01 4.560e-05 1.308e-05 1.151e-04 -1.000 2.682e-04 0.439 1.062 0.531 0.408 0.415 0.436 0.454
0.00024632 -1.80000 10.07918 0.8039975762 2.4201144861    0.742  1.737  3.8167  2.790    4  0.000  0.529     0.00     0.00     0.00     0.00     0.00 -1    -1e-30      0.00 7.513e-01 2.484e-01 4.560e-05 1.308e-05 1.151e-04 -1.000 2.682e-04 0.428 1.075 0.537 0.395 0.391 0.407 0.423
0.00024632 -1.80000 10.07918 0.8040499687 2.4201325986    0.742  1.741  3.8108  2.762    4  0.000  0.529     0.00     0.00     0.00     0.00     0.00 -1    -1e-30      0.00 7.513e-01 2.484e-01 4.560e-05 1.308e-05 1.151e-04 -1.000 2.682e-04 0.418 1.088 0.544 0.381 0.366 0.379 0.393
0.00024632 -1.80000 10.07918 0.8041059375 2.4201519446    0.742  1.746  3.8040  2.730    4  0.000  0.529     0.00     0.00     0.00     0.00     0.00 -1    -1e-30      0.00 7.513e-01 2.484e-01 4.560e-05 1.308e-05 1.151e-04 -1.000 2.682e-04 0.405 1.107 0.554 0.366 0.339 0.347 0.359
0.00024632 -1.80000 10.07918 0.8041592836 2.4201703811    0.742  1.752  3.7975  2.699    4  0.000  0.529     0.00     0.00     0.00     0.00     0.00 -1    -1e-30      0.00 7.513e-01 2.484e-01 4.560e-05 1.308e-05 1.151e-04 -1.000 2.683e-04 0.391 1.124 0.562 0.350 0.312 0.314 0.324
0.00024632 -1.80000 10.07918 0.8042103648 2.4201880322    0.742  1.757  3.7919  2.671    4  0.000  0.529     0.00     0.00     0.00     0.00     0.00 -1    -1e-30      0.00 7.513e-01 2.484e-01 4.560e-05 1.308e-05 1.151e-04 -1.000 2.682e-04 0.378 1.139 0.568 0.336 0.288 0.286 0.293
0.00024632 -1.80000 10.07918 0.8042629957 2.4202062162    0.742  1.763  3.7861  2.642    4  0.000  0.529     0.00     0.00     0.00     0.00     0.00 -1    -1e-30      0.00 7.513e-01 2.484e-01 4.560e-05 1.308e-05 1.151e-04 -1.000 2.682e-04 0.362 1.154 0.573 0.320 0.262 0.254 0.260
0.00024632 -1.80000 10.07918 0.8043147922 2.4202241091    0.742  1.769  3.7812  2.617    4  0.000  0.529     0.00     0.00     0.00     0.00     0.00 -1    -1e-30      0.00 7.513e-01 2.484e-01 4.560e-05 1.308e-05 1.151e-04 -1.000 2.682e-04 0.348 1.165 0.576 0.305 0.239 0.227 0.231
0.00024632 -1.80000 10.07918 0.8043670654 2.4202421641    0.742  1.775  3.7767  2.592    4  0.000  0.529     0.00     0.00     0.00     0.00     0.00 -1    -1e-30      0.00 7.513e-01 2.484e-01 4.560e-05 1.308e-05 1.151e-04 -1.000 2.683e-04 0.332 1.177 0.577 0.290 0.215 0.199 0.201
0.00024632 -1.80000 10.07918 0.8044193983 2.4202602369    0.742  1.782  3.7724  2.568    4  0.000  0.529     0.00     0.00     0.00     0.00     0.00 -1    -1e-30      0.00 7.513e-01 2.484e-01 4.560e-05 1.308e-05 1.151e-04 -1.000 2.681e-04 0.315 1.186 0.575 0.273 0.190 0.170 0.171
0.00024632 -1.80000 10.07918 0.8044720888 2.4202784306    0.742  1.791  3.7677  2.540    4  0.000  0.529     0.00     0.00     0.00     0.00     0.00 -1    -1e-30      0.00 7.513e-01 2.484e-01 4.560e-05 1.308e-05 1.151e-04 -1.000 2.682e-04 0.293 1.193 0.570 0.250 0.160 0.135 0.134
0.00024632 -1.80000 10.07918 0.8044825792 2.4202820525    0.742  1.783  3.7705  2.559    4  0.000  0.529     0.00     0.00     0.00     0.00     0.00 -1    -1e-30      0.00 7.513e-01 2.484e-01 4.560e-05 1.308e-05 1.151e-04 -1.000 2.683e-04 0.311 1.194 0.578 0.269 0.183 0.161 0.161
0.00024632 -1.80000 10.07918 0.8045367002 2.4203007367    0.742  1.797  3.7642  2.520    4  0.000  0.529     0.00     0.00     0.00     0.00     0.00 -1    -1e-30      0.00 7.513e-01 2.484e-01 4.560e-05 1.308e-05 1.151e-04 -1.000 2.683e-04 0.276 1.199 0.567 0.235 0.138 0.110 0.107
0.00024632 -1.80000 10.07918 0.8045899272 2.4203191094    0.743  1.815  3.7582  2.478    4  0.000  0.529     0.00     0.00     0.00     0.00     0.00 -1    -1e-30      0.00 7.513e-01 2.484e-01 4.560e-05 1.308e-05 1.151e-04 -1.000 2.683e-04 0.232 1.194 0.545 0.191 0.084 0.050 0.045
0.00024632 -1.80000 10.07918 0.8046347499 2.4203345789    0.743  1.844  3.7507  2.419    4  0.000  0.529     0.00     0.00     0.00     0.00     0.00 -1    -1e-30      0.00 7.513e-01 2.484e-01 4.560e-05 1.308e-05 1.151e-04 -1.000 2.682e-04 0.159 1.174 0.500 0.119 -0.001 -0.042 -0.051
0.00024632 -1.80000 10.07918 0.8046590686 2.4203429712    0.743  1.879  3.7431  2.354    4  0.000  0.529     0.00     0.00     0.00     0.00     0.00 -1    -1e-30      0.00 7.513e-01 2.484e-01 4.560e-05 1.308e-05 1.151e-04 -1.000 2.682e-04 0.072 1.144 0.442 0.034 -0.099 -0.149 -0.160
0.00024632 -1.80000 10.07918 0.8046700358 2.4203467557    0.743  1.916  3.7363  2.290    4  0.000  0.529     0.00     0.00     0.00     0.00     0.00 -1    -1e-30      0.00 7.513e-01 2.484e-01 4.560e-05 1.308e-05 1.151e-04 -1.000 2.682e-04 -0.020 1.108 0.377 -0.057 -0.201 -0.258 -0.273
0.00024632 -1.80000 10.07918 0.8046749234 2.4203484423    0.743  1.954  3.7302  2.227    4  0.000  0.529     0.00     0.00     0.00     0.00     0.00 -1    -1e-30      0.00 7.513e-01 2.484e-01 4.560e-05 1.308e-05 1.151e-04 -1.000 2.683e-04 -0.116 1.066 0.306 -0.151 -0.306 -0.369 -0.387
0.00024632 -1.80000 10.07918 0.8046772480 2.4203492444    0.743  1.991  3.7253  2.171    4  0.000  0.529     0.00     0.00     0.00     0.00     0.00 -1    -1e-30      0.00 7.513e-01 2.484e-01 4.560e-05 1.308e-05 1.151e-04 -1.000 2.682e-04 -0.208 1.021 0.234 -0.242 -0.405 -0.473 -0.493
0.00024632 -1.80000 10.07918 0.8046782017 2.4203495735    0.743  2.016  3.7225  2.134    7  0.000  0.529     0.00     0.00     0.00     0.00     0.00 -1    -1e-30      0.00 7.513e-01 2.484e-01 4.560e-05 1.308e-05 1.151e-04 -1.000 2.682e-04 -0.271 0.986 0.184 -0.303 -0.470 -0.542 -0.563
0.00024632 -1.80000 10.07918 0.8046792150 2.4203499231    0.743  2.055  3.7188  2.081    7  0.000  0.529     0.00     0.00     0.00     0.00     0.00 -1    -1e-30      0.00 7.513e-01 2.484e-01 4.560e-05 1.308e-05 1.151e-04 -1.000 2.682e-04 -0.368 0.925 0.102 -0.399 -0.573 -0.649 -0.671
0.00024632 -1.80000 10.07918 0.8046801686 2.4203502522    0.743  2.093  3.7157  2.030    7  0.000  0.529     0.00     0.00     0.00     0.00     0.00 -1    -1e-30      0.00 7.513e-01 2.484e-01 4.560e-05 1.308e-05 1.151e-04 -1.000 2.681e-04 -0.462 0.866 0.024 -0.491 -0.670 -0.750 -0.774
0.00024632 -1.80000 10.07918 0.8046810627 2.4203505607    0.743  2.124  3.7133  1.990    7  0.000  0.529     0.00     0.00     0.00     0.00     0.00 -1    -1e-30      0.00 7.513e-01 2.484e-01 4.560e-05 1.308e-05 1.151e-04 -1.000 2.682e-04 -0.539 0.816 -0.042 -0.566 -0.749 -0.832 -0.857
0.00024632 -1.80000 10.07918 0.8046820164 2.4203508898    0.743  2.144  3.7118  1.964    7  0.000  0.529     0.00     0.00     0.00     0.00     0.00 -1    -1e-30      0.00 7.513e-01 2.484e-01 4.560e-05 1.308e-05 1.151e-04 -1.000 2.682e-04 -0.591 0.782 -0.086 -0.617 -0.803 -0.887 -0.914
0.00024632 -1.80000 10.07918 0.8046833873 2.4203513628    0.743  2.165  3.7104  1.937    7  0.000  0.529     0.00     0.00     0.00     0.00     0.00 -1    -1e-30      0.00 7.513e-01 2.484e-01 4.560e-05 1.308e-05 1.151e-04 -1.000 2.683e-04 -0.643 0.746 -0.132 -0.669 -0.857 -0.943 -0.970
0.00024632 -1.80000 10.07918 0.8046859503 2.4203522472    0.743  2.150  3.7116  1.957    7  0.000  0.529     0.00     0.00     0.00     0.00     0.00 -1    -1e-30      0.00 7.513e-01 2.484e-01 4.560e-05 1.308e-05 1.151e-04 -1.000 2.682e-04 -0.605 0.770 -0.099 -0.631 -0.817 -0.902 -0.928
0.00024632 -1.80000 10.07918 0.8046903014 2.4203537486    0.743  2.126  3.7133  1.988    7  0.000  0.529     0.00     0.00     0.00     0.00     0.00 -1    -1e-30      0.00 7.513e-01 2.484e-01 4.560e-05 1.308e-05 1.151e-04 -1.000 2.683e-04 -0.544 0.810 -0.047 -0.571 -0.755 -0.837 -0.863
0.00024632 -1.80000 10.07918 0.8047162294 2.4203626948    0.743  2.149  3.7113  1.957    7  0.000  0.529     0.00     0.00     0.00     0.00     0.00 -1    -1e-30      0.00 7.513e-01 2.484e-01 4.560e-05 1.308e-05 1.151e-04 -1.000 2.682e-04 -0.602 0.776 -0.095 -0.628 -0.815 -0.900 -0.927
0.00024632 -1.80000 10.07918 0.8047319651 2.4203681238    0.743  2.178  3.7090  1.919    7  0.000  0.529     0.00     0.00     0.00     0.00     0.00 -1    -1e-30      0.00 7.513e-01 2.484e-01 4.560e-05 1.308e-05 1.151e-04 -1.000 2.682e-04 -0.674 0.732 -0.156 -0.698 -0.890 -0.977 -1.005
0.00024632 -1.80000 10.07918 0.8047510982 2.4203747248    0.743  2.220  3.7059  1.864    7  0.000  0.529     0.00     0.00     0.00     0.00     0.00 -1    -1e-30      0.00 7.513e-01 2.484e-01 4.560e-05 1.308e-05 1.151e-04 -1.000 2.681e-04 -0.781 0.667 -0.246 -0.803 -1.000 -1.091 -1.121
0.00024632 -1.80000 10.07918 0.8047706485 2.4203814693    0.743  2.273  3.7023  1.798    7  0.000  0.529     0.00     0.00     0.00     0.00     0.00 -1    -1e-30      0.00 7.513e-01 2.484e-01 4.560e-05 1.308e-05 1.151e-04 -1.000 2.682e-04 -0.911 0.585 -0.356 -0.930 -1.133 -1.229 -1.261
0.00024632 -1.80000 10.07918 0.8047881722 2.4203875143    0.743  2.319  3.6992  1.739    7  0.000  0.529     0.00     0.00     0.00     0.00     0.00 -1    -1e-30      0.00 7.513e-01 2.484e-01 4.560e-05 1.308e-05 1.151e-04 -1.000 2.682e-04 -1.028 0.511 -0.455 -1.044 -1.253 -1.353 -1.386
0.00024632 -1.80000 10.07918 0.8048037291 2.4203928806    0.743  2.363  3.6964  1.684    7  0.000  0.529     0.00     0.00     0.00     0.00     0.00 -1    -1e-30      0.00 7.514e-01 2.484e-01 4.559e-05 1.308e-05 1.151e-04 -1.000 2.501e-04 -1.137 0.444 -0.547 -1.149 -1.363 -1.467 -1.501
0.00024632 -1.80000 10.07918 0.8048174381 2.4203976093    0.743  2.405  3.6937  1.630    7  0.000  0.529     0.00     0.00     0.00     0.00     0.00 -1    -1e-30      0.00 7.514e-01 2.483e-01 4.557e-05 1.309e-05 1.151e-04 -1.000 2.447e-04 -1.244 0.378 -0.637 -1.252 -1.472 -1.579 -1.615
0.00024632 -1.80000 10.07918 0.8048295379 2.4204017827    0.743  2.447  3.6911  1.578    7  0.000  0.527     0.00     0.00     0.00     0.00     0.00 -1    -1e-30      0.00 7.514e-01 2.483e-01 4.547e-05 1.313e-05 1.151e-04 -1.000 2.448e-04 -1.348 0.314 -0.725 -1.353 -1.579 -1.689 -1.727
0.00024632 -1.80000 10.07918 0.8048402071 2.4204054627    0.743  2.489  3.6885  1.526    7  0.000  0.523     0.00     0.00     0.00     0.00     0.00 -1    -1e-30      0.00 7.514e-01 2.484e-01 4.513e-05 1.337e-05 1.151e-04 -1.000 2.466e-04 -1.452 0.252 -0.812 -1.452 -1.683 -1.796 -1.836
0.00024632 -1.80000 10.07918 0.8048499227 2.4204088135    0.743  2.530  3.6859  1.474    7  0.000  0.513     6.90     5.49     3.89     3.02     2.44  3    -1e-30      0.00 7.513e-01 2.484e-01 4.443e-05 1.407e-05 1.151e-04 -1.000 2.682e-04 -1.555 0.193 -0.897 -1.551 -1.787 -1.904 -1.945
0.00024632 -1.80000 10.07918 0.8048588037 2.4204118765    0.743  2.571  3.6832  1.422    7  0.000  0.499     7.71     6.03     4.26     3.30     2.67  3    -1e-30      0.00 7.513e-01 2.485e-01 4.342e-05 1.521e-05 1.151e-04 -1.000 2.682e-04 -1.658 0.156 -0.979 -1.653 -1.893 -2.014 -2.056
0.00024632 -1.80000 10.07918 0.8048670292 2.4204147133    0.743  2.613  3.6806  1.370    7  0.000  0.486     8.62     6.63     4.66     3.62     2.93  3    -1e-30      0.00 7.512e-01 2.485e-01 4.231e-05 1.654e-05 1.151e-04 -1.000 2.682e-04 -1.763 0.125 -1.060 -1.756 -2.002 -2.125 -2.169
0.00024632 -1.80000 10.07918 0.8048747778 2.4204173856    0.743  2.655  3.6779  1.318    7  0.000  0.474     9.63     7.28     5.10     3.97     3.21  3    -1e-30      0.00 7.511e-01 2.487e-01 4.127e-05 1.781e-05 1.151e-04 -1.000 2.363e-04 -1.866 0.104 -1.137 -1.857 -2.109 -2.236 -2.282
0.00024632 -1.80000 10.07918 0.8048821688 2.4204199345    0.743  2.696  3.6752  1.265    7  0.000  0.464    10.76     8.01     5.58     4.35     3.52  3    -1e-30      0.00 7.509e-01 2.488e-01 4.035e-05 1.894e-05 1.151e-04 -1.000 2.682e-04 -1.970 0.089 -1.212 -1.957 -2.216 -2.347 -2.394
0.00024632 -1.80000 10.07918 0.8048892021 2.4204223600    0.743  2.737  3.6725  1.214    7  0.000  0.455    12.01     8.79     6.10     4.76     3.85  2    -1e-30      0.00 7.508e-01 2.490e-01 3.956e-05 1.992e-05 1.151e-04 -1.000 2.682e-04 -2.072 0.081 -1.283 -2.056 -2.321 -2.456 -2.505
0.00024632 -1.80000 10.07918 0.8048959374 2.4204246827    0.743  2.778  3.6697  1.162    7  0.000  0.447    13.43     9.66     6.68     5.22     4.22  2    -1e-30      0.00 7.506e-01 2.491e-01 3.889e-05 2.074e-05 1.151e-04 -1.000 2.682e-04 -2.176 0.080 -1.352 -2.156 -2.428 -2.567 -2.618
0.00024632 -1.80000 10.07918 0.8049020171 2.4204267793    0.743  2.820  3.6669  1.108    7  0.000  0.440    15.03    10.63     7.32     5.73     4.64  2    -1e-30      0.00 7.505e-01 2.493e-01 3.829e-05 2.148e-05 1.151e-04 -1.000 2.682e-04 -2.281 0.087 -1.419 -2.255 -2.535 -2.678 -2.731
0.00024632 -1.80000 10.07918 0.8049070835 2.4204285263    0.743  2.861  3.6642  1.057    7  0.000  0.435    16.77    11.67     8.00     6.27     5.08  2    -1e-30      0.00 7.503e-01 2.494e-01 3.781e-05 2.207e-05 1.150e-04 -1.000 2.683e-04 -2.382 0.104 -1.480 -2.350 -2.639 -2.786 -2.841
0.00024632 -1.80000 10.07918 0.8049113750 2.4204300062    0.743  2.901  3.6614  1.005    7  0.000  0.431    18.73    12.82     8.75     6.86     5.56  2    -1e-30      0.00 7.501e-01 2.496e-01 3.739e-05 2.261e-05 1.149e-04 -1.000 2.682e-04 -2.484 0.129 -1.538 -2.446 -2.743 -2.895 -2.952
0.00024632 -1.80000 10.07918 0.8049150109 2.4204312600    0.743  2.942  3.6586  0.954    7  0.000  0.427    20.90    14.07     9.56     7.51     6.09  2    -1e-30      0.00 7.499e-01 2.498e-01 3.702e-05 2.309e-05 1.148e-04 -1.000 2.364e-04 -2.584 0.173 -1.586 -2.538 -2.845 -3.002 -3.061
0.00024632 -1.80000 10.07918 0.8049185276 2.4204324726    0.743  2.983  3.6557  0.901    7  0.000  0.424    23.39    15.48    10.48     8.24     6.68  1    -1e-30      0.00 7.498e-01 2.500e-01 3.670e-05 2.355e-05 1.147e-04 -1.000 2.683e-04 -2.687 0.183 -1.641 -2.629 -2.946 -3.109 -3.170
0.00024632 -1.80000 10.07918 0.8049219847 2.4204336647    0.743  3.026  3.6525  0.845    7  0.000  0.422    26.36    17.14    11.54     9.10     7.37  1    -1e-30      0.00 7.496e-01 2.501e-01 3.645e-05 2.394e-05 1.145e-04 -1.000 2.682e-04 -2.796 0.185 -1.701 -2.724 -3.053 -3.221 -3.285
0.00024632 -1.80000 10.07918 0.8049250245 2.4204347129    0.743  3.072  3.6492  0.785    7  0.000  0.420    29.90    19.07    12.79    10.09     8.18  1    -1e-30      0.00 7.494e-01 2.503e-01 3.622e-05 2.436e-05 1.143e-04 -1.000 2.683e-04 -2.911 0.190 -1.762 -2.823 -3.164 -3.339 -3.405
0.00024632 -1.80000 10.07918 0.8049260974 2.4204350829    0.743  3.093  3.6476  0.758    7  0.000  0.420    31.70    20.04    13.41    10.59     8.59  1    -1e-30      0.00 7.494e-01 2.504e-01 3.612e-05 2.457e-05 1.141e-04 -1.000 2.683e-04 -2.964 0.193 -1.789 -2.868 -3.214 -3.392 -3.460
0.00024632 -1.80000 10.07918 0.8049263358 2.4204351651    0.743  3.123  3.6454  0.720    7  0.000  0.419    34.35    21.46    14.31    11.31     9.18  1    -1e-30      0.00 7.492e-01 2.505e-01 3.601e-05 2.485e-05 1.139e-04 -1.000 2.682e-04 -3.036 0.196 -1.828 -2.930 -3.283 -3.466 -3.536
0.00024632 -1.80000 10.07918 0.8049266338 2.4204352678    0.743  3.159  3.6427  0.673    7  0.000  0.418    37.97    23.36    15.52    12.29     9.97  1    -1e-30      0.00 7.490e-01 2.508e-01 3.582e-05 2.539e-05 1.136e-04 -1.000 2.682e-04 -3.127 0.202 -1.874 -3.006 -3.370 -3.557 -3.630
0.00024632 -1.80000 10.07918 0.8049270511 2.4204354117    0.743  3.195  3.6399  0.625    7  0.000  0.417    42.02    25.47    16.85    13.36    10.84  1    -1e-30      0.00 7.487e-01 2.510e-01 3.560e-05 2.600e-05 1.132e-04 -1.000 2.681e-04 -3.218 0.212 -1.917 -3.082 -3.456 -3.650 -3.724
0.00024632 -1.80000 10.07918 0.8049273491 2.4204355145    0.743  3.260  3.6323  0.530    8  0.527  0.420    51.46    30.25    19.86    15.78    12.81  1 -4.71e-07      0.00 7.460e-01 2.538e-01 3.521e-05 2.935e-05 1.139e-04 -1.000 2.148e-04 -3.380 0.299 -1.947 -3.196 -3.598 -3.808 -3.889
0.00024632 -1.80000 10.07918 0.8049274087 2.4204355350    0.741  3.056  3.6477  0.796    8  0.527  0.412    29.25    18.72    12.56     9.91     8.03  1 -1.98e-07      0.00 7.460e-01 2.538e-01 3.521e-05 2.935e-05 1.139e-04 -1.000 2.148e-04 -2.869 0.257 -1.706 -2.774 -3.118 -3.295 -3.363
0.00024632 -1.80000 10.07918 0.8049275279 2.4204355761    0.739  2.903  3.6594  0.994    8  0.527  0.412    19.18    13.07     8.91     7.00     5.67  2 -1.08e-07      0.00 7.460e-01 2.538e-01 3.521e-05 2.935e-05 1.139e-04 -1.000 2.148e-04 -2.488 0.206 -1.512 -2.445 -2.748 -2.903 -2.961
0.00024632 -1.80000 10.07918 0.8049277067 2.4204356378    0.735  2.699  3.6751  1.257    8  0.527  0.412    10.92     8.10     5.64     4.40     3.56  3 -5.17e-08      0.00 7.460e-01 2.538e-01 3.521e-05 2.935e-05 1.139e-04 -1.000 2.148e-04 -1.979 0.085 -1.219 -1.966 -2.225 -2.356 -2.403
0.00024632 -1.80000 10.07918 0.8049280047 2.4204357406    0.730  2.706  3.6744  1.245    8  0.528  0.412    11.18     8.27     5.75     4.49     3.63  2 -5.34e-08      0.00 7.460e-01 2.538e-01 3.521e-05 2.935e-05 1.139e-04 -1.000 2.148e-04 -1.995 0.090 -1.228 -1.981 -2.241 -2.373 -2.421
0.00024632 -1.80000 10.07918 0.8049284220 2.4204358844    0.723  2.799  3.6671  1.118    8  0.528  0.412    14.62    10.38     7.15     5.60     4.53  2 -7.59e-08      0.00 7.460e-01 2.538e-01 3.521e-05 2.935e-05 1.139e-04 -1.000 2.148e-04 -2.228 0.132 -1.369 -2.203 -2.482 -2.625 -2.678
0.00024632 -1.80000 10.07918 0.8049288392 2.4204360283    0.714  2.978  3.6531  0.878    8  0.528  0.412    24.30    15.96    10.78     8.50     6.88  1 -1.55e-07      0.00 7.460e-01 2.538e-01 3.521e-05 2.935e-05 1.139e-04 -1.000 2.149e-04 -2.675 0.270 -1.594 -2.605 -2.931 -3.098 -3.161
0.00024632 -1.80000 10.07918 0.8049293756 2.4204362133    0.704  3.136  3.6406  0.664    8  0.528  0.412    38.27    23.43    15.54    12.33    10.00  1 -3.07e-07      0.00 7.460e-01 2.538e-01 3.521e-05 2.935e-05 1.139e-04 -1.000 2.148e-04 -3.071 0.314 -1.790 -2.939 -3.309 -3.501 -3.575
0.00024632 -1.80000 10.07918 0.8049299717 2.4204364188    0.693  3.242  3.6321  0.517    8  0.529  0.412    52.19    30.43    19.94    15.89    12.89  1 -5.02e-07      0.00 7.460e-01 2.538e-01 3.521e-05 2.935e-05 1.139e-04 -1.000 2.149e-04 -3.336 0.356 -1.897 -3.151 -3.554 -3.765 -3.846
0.00024632 -1.80000 10.07918 0.8049306273 2.4204366449    0.681  3.302  3.6273  0.430    8  0.529  0.412    62.63    35.43    23.06    18.42    14.95  1 -6.79e-07      0.00 7.460e-01 2.538e-01 3.521e-05 2.935e-05 1.139e-04 -1.000 2.149e-04 -3.485 0.384 -1.942 -3.263 -3.690 -3.912 -3.999
0.00024632 -1.80000 10.07918 0.8049314022 2.4204369121    0.668  3.333  3.6245  0.380    8  0.530  0.412    69.60    38.65    25.04    20.05    16.27  1 -8.16e-07      0.00 7.460e-01 2.538e-01 3.521e-05 2.935e-05 1.139e-04 -1.000 2.149e-04 -3.563 0.403 -1.956 -3.318 -3.759 -3.989 -4.079
0.00024632 -1.80000 10.07918 0.8049322367 2.4204371998    0.653  3.353  3.6226  0.342    8  0.530  0.412    75.11    41.11    26.55    21.29    17.28  1 -9.37e-07      0.00 7.460e-01 2.538e-01 3.521e-05 2.935e-05 1.139e-04 -1.000 2.149e-04 -3.613 0.422 -1.961 -3.352 -3.803 -4.038 -4.130
0.00024632 -1.80000 10.07918 0.8049361110 2.4204385357    0.532 -9.999  4.0000  1.843    9  0.532  0.000     0.00     0.00     0.00     0.00     0.00 -1    -1e-30      0.00 7.460e-01 2.538e-01 3.521e-05 2.935e-05 1.139e-04 -1.000 2.149e-04 29.767 30.106 29.968 30.247 30.475 30.554 30.643
#isochrone terminated
