# File generated by CMD 3.7 (http://stev.oapd.inaf.it/cmd) on Thu Feb  1 19:51:36 UTC 2024
# isochrones based on PARSEC release v1.2S +  COLIBRI S_37 + S_35 + PR16
# Basic references: Bressan et al. (2012), MNRAS, 427, 127 + Chen et al. (2014, 2015), MNRAS, 444, 2525 + MNRAS, 452, 1068 + Tang et al. (2014), MNRAS, 445, 4287 + Marigo et al. (2017), ApJ, 835, 77 + Pastorelli al. (2019), MNRAS, 485, 5666 + Pastorelli al. (2020), MNRAS, in press
# Thermal pulse cycles included 
# On RGB, assumed Reimers mass loss with efficiency eta=0.2
# LPV periods and growth rates added cf. Trabucchi et al. (2019)
# but fundamental-mode LPV periods are from Trabucchi et al. (2021)
# Photometric system: DECAM (ABmags)
# Using YBC version of bolometric corrections as in Chen et al. (2019)
# O-rich circumstellar dpmod60alox40 dust from Groenewegen (2006)
# C-rich circumstellar AMCSIC15 dust from Groenewegen (2006)
# IMF: Kroupa (2001, 2002) + Kroupa et al. (2013) canonical two-part-power law IMF corrected for unresolved binaries 
# Kind of output: isochrone tables
# Zini     MH   logAge Mini        int_IMF         Mass   logL    logTe  logg  label   McoreTP C_O  period0  period1  period2  period3  period4  pmode  Mloss  tau1m   X   Y   Xc  Xn  Xo  Cexcess  Z 	 mbolmag  umag    gmag    rmag    imag    zmag    Ymag
0.00015547 -2.00000 10.07918 0.0936335474 1.1156111859    0.094 -3.048  3.5137  5.463    1  0.000  0.545     0.00     0.00     0.00     0.00     0.00 -1 -6.83e-17      0.00 7.473e-01 2.525e-01 2.943e-05 7.939e-06 7.201e-05 -1.000 1.636e-04 12.390 17.308 15.019 13.206 12.119 11.733 11.630
0.00015547 -2.00000 10.07918 0.0979434103 1.1536936888    0.098 -2.915  3.5322  5.424    1  0.000  0.545     0.00     0.00     0.00     0.00     0.00 -1  -9.5e-17      0.00 7.463e-01 2.536e-01 2.943e-05 7.939e-06 7.201e-05 -1.000 1.637e-04 12.057 16.752 14.401 12.686 11.796 11.449 11.346
0.00015547 -2.00000 10.07918 0.1035686582 1.2002434792    0.103 -2.750  3.5551  5.375    1  0.000  0.545     0.00     0.00     0.00     0.00     0.00 -1 -1.43e-16      0.00 7.449e-01 2.550e-01 2.943e-05 7.939e-06 7.201e-05 -1.000 1.636e-04 11.645 15.911 13.645 12.074 11.392 11.087 10.988
0.00015547 -2.00000 10.07918 0.1234388798 1.3415665689    0.123 -2.474  3.5829  5.287    1  0.000  0.545     0.00     0.00     0.00     0.00     0.00 -1 -2.73e-16      0.00 7.417e-01 2.581e-01 2.943e-05 7.940e-06 7.201e-05 -1.000 1.637e-04 10.956 14.600 12.578 11.217 10.705 10.445 10.354
0.00015547 -2.00000 10.07918 0.1433091164 1.4560319688    0.143 -2.298  3.5964  5.229    1  0.000  0.545     0.00     0.00     0.00     0.00     0.00 -1 -4.07e-16      0.00 7.396e-01 2.602e-01 2.943e-05 7.940e-06 7.201e-05 -1.000 1.637e-04 10.514 13.857 11.973 10.724 10.262 10.021 9.938
0.00015547 -2.00000 10.07918 0.1631793380 1.5515256229    0.163 -2.160  3.6051  5.182    1  0.000  0.545     0.00     0.00     0.00     0.00     0.00 -1 -5.53e-16      0.00 7.384e-01 2.614e-01 2.943e-05 7.940e-06 7.201e-05 -1.000 1.636e-04 10.170 13.332 11.531 10.350 9.915 9.687 9.608
0.00015547 -2.00000 10.07918 0.2029198259 1.7036916472    0.203 -1.946  3.6168  5.109    1  0.000  0.545     0.00     0.00     0.00     0.00     0.00 -1 -8.82e-16      0.00 7.378e-01 2.621e-01 2.943e-05 7.940e-06 7.201e-05 -1.000 1.636e-04 9.634 12.567 10.871 9.778 9.375 9.165 9.092
0.00015547 -2.00000 10.07918 0.2525953948 1.8468695073    0.252 -1.749  3.6275  5.051    1  0.000  0.545     0.00     0.00     0.00     0.00     0.00 -1 -1.33e-15      0.00 7.380e-01 2.618e-01 2.943e-05 7.940e-06 7.201e-05 -1.000 1.636e-04 9.143 11.880 10.275 9.256 8.880 8.685 8.618
0.00015547 -2.00000 10.07918 0.3022710085 1.9574397077    0.302 -1.598  3.6363  5.013    1  0.000  0.545     0.00     0.00     0.00     0.00     0.00 -1  -1.8e-15      0.00 7.381e-01 2.618e-01 2.942e-05 7.941e-06 7.201e-05 -1.000 1.636e-04 8.765 11.349 9.814 8.853 8.499 8.317 8.254
0.00015547 -2.00000 10.07918 0.3519465327 2.0465963009    0.352 -1.473  3.6445  4.987    1  0.000  0.544     0.00     0.00     0.00     0.00     0.00 -1 -2.29e-15      0.00 7.382e-01 2.616e-01 2.940e-05 7.942e-06 7.201e-05 -1.000 1.636e-04 8.451 10.902 9.429 8.517 8.182 8.012 7.954
0.00015547 -2.00000 10.07918 0.4016221166 2.1207314881    0.401 -1.347  3.6534  4.955    1  0.000  0.545     0.00     0.00     0.00     0.00     0.00 -1 -2.97e-15      0.00 7.502e-01 2.496e-01 2.943e-05 7.939e-06 7.201e-05 -1.000 1.637e-04 8.139 10.447 9.044 8.182 7.867 7.710 7.656
0.00015547 -2.00000 10.07918 0.4512977004 2.1838121607    0.451 -1.194  3.6681  4.911    1  0.000  0.545     0.00     0.00     0.00     0.00     0.00 -1 -4.19e-15      0.00 7.507e-01 2.491e-01 2.943e-05 7.939e-06 7.201e-05 -1.000 1.637e-04 7.756 9.833 8.549 7.768 7.484 7.346 7.301
0.00015547 -2.00000 10.07918 0.5009732842 2.2384552293    0.501 -1.023  3.6852  4.854    1  0.000  0.545     0.00     0.00     0.00     0.00     0.00 -1  -6.3e-15      0.00 7.514e-01 2.484e-01 2.938e-05 7.927e-06 7.190e-05 -1.000 1.636e-04 7.328 9.149 8.007 7.311 7.062 6.946 6.909
0.00015547 -2.00000 10.07918 0.5506489277 2.2841947944    0.550 -0.819  3.7053  4.771    1  0.000  0.544     0.00     0.00     0.00     0.00     0.00 -1 -1.06e-14      0.00 7.848e-01 2.151e-01 2.566e-05 6.927e-06 6.286e-05 -1.000 9.984e-05 6.818 8.363 7.384 6.778 6.566 6.475 6.448
0.00015547 -2.00000 10.07918 0.6003244519 2.3213410765    0.600 -0.611  3.7305  4.701    1  0.000  0.544     0.00     0.00     0.00     0.00     0.00 -1 -1.77e-14      0.00 7.975e-01 2.024e-01 2.432e-05 6.570e-06 5.965e-05 -1.000 1.154e-04 6.297 7.554 6.751 6.246 6.078 6.015 6.001
0.00015547 -2.00000 10.07918 0.6074755192 2.3261163724    0.607 -0.579  3.7348  4.691    1  0.000  0.544     0.00     0.00     0.00     0.00     0.00 -1 -1.91e-14      0.00 7.997e-01 2.002e-01 2.409e-05 6.508e-06 5.909e-05 -1.000 1.078e-04 6.218 7.435 6.657 6.167 6.006 5.948 5.936
0.00015547 -2.00000 10.07918 0.6185930967 2.3332888643    0.618 -0.530  3.7414  4.676    1  0.000  0.543     0.00     0.00     0.00     0.00     0.00 -1 -2.16e-14      0.00 8.033e-01 1.965e-01 2.371e-05 6.406e-06 5.817e-05 -1.000 1.528e-04 6.094 7.250 6.510 6.044 5.893 5.842 5.834
0.00015547 -2.00000 10.07918 0.6284974217 2.3394334541    0.628 -0.485  3.7472  4.662    1  0.000  0.543     0.00     0.00     0.00     0.00     0.00 -1 -2.42e-14      0.00 8.067e-01 1.931e-01 2.335e-05 6.311e-06 5.732e-05 -1.000 1.417e-04 5.983 7.088 6.379 5.936 5.795 5.750 5.744
0.00015547 -2.00000 10.07918 0.6381110549 2.3451883889    0.638 -0.441  3.7528  4.647    1  0.000  0.543     0.00     0.00     0.00     0.00     0.00 -1 -1.22e-15      0.00 8.102e-01 1.897e-01 2.299e-05 6.215e-06 5.646e-05 -1.000 1.269e-04 5.874 6.933 6.253 5.830 5.699 5.660 5.656
0.00015547 -2.00000 10.07918 0.6494354606 2.3517167157    0.649 -0.389  3.7592  4.629    1  0.000  0.543     0.00     0.00     0.00     0.00     0.00 -1 -2.04e-14      0.00 8.145e-01 1.854e-01 2.254e-05 6.096e-06 5.539e-05 -1.000 1.116e-04 5.744 6.752 6.103 5.706 5.585 5.553 5.552
0.00015547 -2.00000 10.07918 0.6499999762 2.3520353107    0.650 -0.387  3.7595  4.628    1  0.000  0.543     0.00     0.00     0.00     0.00     0.00 -1  -3.1e-14      0.00 8.147e-01 1.851e-01 2.252e-05 6.090e-06 5.533e-05 -1.000 1.561e-04 5.737 6.743 6.096 5.699 5.579 5.548 5.546
0.00015547 -2.00000 10.07918 0.6588703394 2.3569591416    0.659 -0.345  3.7644  4.611    1  0.000  0.542     0.00     0.00     0.00     0.00     0.00 -1 -3.45e-14      0.00 8.190e-01 1.808e-01 2.207e-05 5.971e-06 5.426e-05 -1.000 1.637e-04 5.633 6.606 5.980 5.601 5.488 5.462 5.462
0.00015547 -2.00000 10.07918 0.6690781713 2.3624399905    0.669 -0.297  3.7698  4.591    1  0.000  0.542     0.00     0.00     0.00     0.00     0.00 -1 -3.92e-14      0.00 8.243e-01 1.756e-01 2.153e-05 5.825e-06 5.296e-05 -1.000 1.512e-04 5.512 6.448 5.845 5.485 5.381 5.360 5.363
0.00015547 -2.00000 10.07918 0.6787885427 2.3674781869    0.679 -0.250  3.7749  4.571    1  0.000  0.541     0.00     0.00     0.00     0.00     0.00 -1 -3.25e-14      0.00 8.296e-01 1.702e-01 2.097e-05 5.678e-06 5.164e-05 -1.000 1.357e-04 5.394 6.300 5.715 5.373 5.277 5.261 5.265
0.00015547 -2.00000 10.07918 0.6880588531 2.3721357869    0.688 -0.203  3.7798  4.550    1  0.000  0.541     0.00     0.00     0.00     0.00     0.00 -1  -1.5e-14      0.00 8.351e-01 1.648e-01 2.041e-05 5.528e-06 5.029e-05 -1.000 1.145e-04 5.278 6.156 5.588 5.263 5.174 5.163 5.169
0.00015547 -2.00000 10.07918 0.6962858438 2.3761499717    0.696 -0.160  3.7840  4.529    1  0.000  0.541     0.00     0.00     0.00     0.00     0.00 -1 -5.49e-15      0.00 8.401e-01 1.597e-01 1.988e-05 5.388e-06 4.903e-05 -1.000 1.185e-04 5.171 6.027 5.472 5.162 5.080 5.073 5.080
0.00015547 -2.00000 10.07918 0.6999999881 2.3779266974    0.700 -0.141  3.7859  4.519    1  0.000  0.540     0.00     0.00     0.00     0.00     0.00 -1 -5.95e-14      0.00 8.425e-01 1.574e-01 1.964e-05 5.322e-06 4.844e-05 -1.000 1.276e-04 5.122 5.969 5.419 5.116 5.037 5.031 5.039
0.00015547 -2.00000 10.07918 0.7091768384 2.3822249806    0.709 -0.090  3.7903  4.492    1  0.000  0.538     0.00     0.00     0.00     0.00     0.00 -1 -6.85e-14      0.00 8.478e-01 1.521e-01 1.909e-05 5.189e-06 4.727e-05 -1.000 1.202e-04 4.996 5.820 5.282 4.995 4.923 4.922 4.931
0.00015547 -2.00000 10.07918 0.7176503539 2.3860817844    0.717 -0.041  3.7943  4.464    1  0.000  0.537     0.00     0.00     0.00     0.00     0.00 -1 -7.87e-14      0.00 8.522e-01 1.477e-01 1.864e-05 5.082e-06 4.633e-05 -1.000 1.276e-04 4.873 5.679 5.150 4.877 4.812 4.814 4.825
0.00015547 -2.00000 10.07918 0.7260162234 2.3897882022    0.726  0.010  3.7982  4.434    1  0.000  0.535     0.00     0.00     0.00     0.00     0.00 -1 -9.12e-14      0.00 8.561e-01 1.438e-01 1.826e-05 4.991e-06 4.554e-05 -1.000 7.713e-05 4.745 5.534 5.012 4.753 4.694 4.701 4.713
0.00015547 -2.00000 10.07918 0.7332008481 2.3928937652    0.733  0.057  3.8015  4.404    1  0.000  0.533     0.00     0.00     0.00     0.00     0.00 -1 -1.04e-13      0.00 8.591e-01 1.408e-01 1.799e-05 4.928e-06 4.500e-05 -1.000 8.076e-05 4.629 5.403 4.887 4.640 4.587 4.596 4.610
0.00015547 -2.00000 10.07918 0.7401607633 2.3958361767    0.740  0.105  3.8046  4.373    1  0.000  0.531     0.00     0.00     0.00     0.00     0.00 -1 -1.07e-13      0.00 8.617e-01 1.382e-01 1.776e-05 4.876e-06 4.455e-05 -1.000 1.358e-04 4.508 5.271 4.759 4.523 4.474 4.487 4.501
0.00015547 -2.00000 10.07918 0.7471207976 2.3987156813    0.746  0.157  3.8075  4.336    1  0.000  0.530     0.00     0.00     0.00     0.00     0.00 -1 -1.72e-14      0.00 8.640e-01 1.358e-01 1.756e-05 4.831e-06 4.417e-05 -1.000 1.519e-04 4.379 5.130 4.621 4.395 4.352 4.368 4.383
0.00015547 -2.00000 10.07918 0.7500000000 2.3998889087    0.749  0.179  3.8086  4.321    1  0.000  0.529     0.00     0.00     0.00     0.00     0.00 -1  -1.5e-13      0.00 8.650e-01 1.349e-01 1.748e-05 4.814e-06 4.402e-05 -1.000 1.608e-04 4.323 5.070 4.563 4.341 4.300 4.316 4.332
0.00015547 -2.00000 10.07918 0.7513623834 2.4004404547    0.751  0.189  3.8093  4.313    1  0.000  0.529     0.00     0.00     0.00     0.00     0.00 -1 -1.55e-13      0.00 8.651e-01 1.348e-01 1.749e-05 4.816e-06 4.404e-05 -1.000 1.618e-04 4.297 5.041 4.535 4.315 4.275 4.292 4.308
0.00015547 -2.00000 10.07918 0.7594360113 2.4036623257    0.759  0.258  3.8126  4.262    1  0.000  0.529     0.00     0.00     0.00     0.00     0.00 -1 -1.92e-13      0.00 8.656e-01 1.343e-01 1.753e-05 4.830e-06 4.419e-05 -1.000 6.492e-05 4.124 4.856 4.352 4.145 4.110 4.131 4.147
0.00015547 -2.00000 10.07918 0.7647926807 2.4057568483    0.764  0.308  3.8146  4.223    1  0.000  0.529     0.00     0.00     0.00     0.00     0.00 -1 -2.24e-13      0.00 8.658e-01 1.341e-01 1.756e-05 4.841e-06 4.430e-05 -1.000 9.665e-05 3.999 4.724 4.220 4.020 3.989 4.012 4.029
0.00015547 -2.00000 10.07918 0.7698709965 2.4077116109    0.769  0.358  3.8160  4.182    1  0.000  0.528     0.00     0.00     0.00     0.00     0.00 -1 -2.63e-13      0.00 8.649e-01 1.350e-01 1.770e-05 4.881e-06 4.467e-05 -1.000 1.000e-04 3.874 4.593 4.090 3.895 3.867 3.891 3.908
0.00015547 -2.00000 10.07918 0.7740224004 2.4092876895    0.773  0.402  3.8166  4.142    1  0.000  0.528     0.00     0.00     0.00     0.00     0.00 -1 -3.05e-13      0.00 8.638e-01 1.361e-01 1.786e-05 4.923e-06 4.506e-05 -1.000 9.993e-05 3.764 4.480 3.976 3.785 3.758 3.782 3.799
0.00015547 -2.00000 10.07918 0.7756054401 2.4098835822    0.774  0.421  3.8163  4.123    1  0.000  0.528     0.00     0.00     0.00     0.00     0.00 -1 -3.26e-13      0.00 8.634e-01 1.365e-01 1.792e-05 4.939e-06 4.520e-05 -1.000 1.000e-04 3.717 4.433 3.928 3.736 3.709 3.733 3.751
0.00015547 -2.00000 10.07918 0.7799062133 2.4114884561    0.779  0.476  3.8145  4.063    1  0.000  0.528     0.00     0.00     0.00     0.00     0.00 -1 -3.93e-13      0.00 8.622e-01 1.377e-01 1.807e-05 4.983e-06 4.561e-05 -1.000 9.997e-05 3.579 4.299 3.792 3.596 3.567 3.589 3.605
0.00015547 -2.00000 10.07918 0.7829150558 2.4125991868    0.782  0.520  3.8118  4.010    1  0.000  0.528     0.00     0.00     0.00     0.00     0.00 -1 -4.61e-13      0.00 8.614e-01 1.385e-01 1.818e-05 5.013e-06 4.588e-05 -1.000 1.000e-04 3.470 4.197 3.687 3.484 3.451 3.471 3.486
0.00015547 -2.00000 10.07918 0.7835566401 2.4128347627    0.782  0.530  3.8110  3.997    1  0.000  0.528     0.00     0.00     0.00     0.00     0.00 -1  -4.8e-13      0.00 8.613e-01 1.386e-01 1.821e-05 5.020e-06 4.594e-05 -1.000 9.993e-05 3.445 4.175 3.663 3.458 3.424 3.443 3.458
0.00015547 -2.00000 10.07918 0.7841680050 2.4130588301    0.783  0.541  3.8098  3.982    2  0.000  0.528     0.00     0.00     0.00     0.00     0.00 -1 -5.01e-13      0.00 8.611e-01 1.388e-01 1.823e-05 5.026e-06 4.600e-05 -1.000 9.993e-05 3.419 4.151 3.639 3.430 3.394 3.412 3.427
0.00015547 -2.00000 10.07918 0.7862255573 2.4138099876    0.785  0.580  3.8044  3.923    2  0.000  0.528     0.00     0.00     0.00     0.00     0.00 -1 -5.84e-13      0.00 8.606e-01 1.393e-01 1.831e-05 5.047e-06 4.619e-05 -1.000 9.996e-05 3.321 4.072 3.551 3.327 3.283 3.295 3.308
0.00015547 -2.00000 10.07918 0.7878014445 2.4143822515    0.786  0.615  3.7978  3.862    2  0.000  0.528     0.00     0.00     0.00     0.00     0.00 -1 -6.79e-13      0.00 8.601e-01 1.398e-01 1.836e-05 5.063e-06 4.634e-05 -1.000 9.993e-05 3.233 4.008 3.478 3.233 3.178 3.185 3.195
0.00015547 -2.00000 10.07918 0.7890366316 2.4148289572    0.787  0.647  3.7899  3.799    2  0.000  0.528     0.00     0.00     0.00     0.00     0.00 -1 -7.85e-13      0.00 8.597e-01 1.402e-01 1.843e-05 5.082e-06 4.651e-05 -1.000 1.065e-04 3.153 3.960 3.417 3.146 3.080 3.078 3.086
0.00015547 -2.00000 10.07918 0.7900331020 2.4151881605    0.788  0.676  3.7812  3.736    2  0.000  0.529     0.00     0.00     0.00     0.00     0.00 -1 -9.02e-13      0.00 8.557e-01 1.442e-01 1.888e-05 5.202e-06 4.760e-05 -1.000 9.391e-05 3.080 3.927 3.366 3.067 2.987 2.977 2.982
0.00015547 -2.00000 10.07918 0.7908694744 2.4154888490    0.789  0.703  3.7727  3.675    2  0.000  0.530     0.00     0.00     0.00     0.00     0.00 -1 -1.03e-12      0.00 8.390e-01 1.609e-01 2.054e-05 5.653e-06 5.166e-05 -1.000 8.826e-05 3.012 3.903 3.320 2.993 2.900 2.881 2.883
0.00015547 -2.00000 10.07918 0.7916075587 2.4157535946    0.790  0.731  3.7648  3.616    2  0.000  0.533     0.00     0.00     0.00     0.00     0.00 -1 -1.18e-12      0.00 8.110e-01 1.888e-01 2.322e-05 6.372e-06 5.809e-05 -1.000 1.181e-04 2.943 3.878 3.272 2.919 2.814 2.788 2.786
0.00015547 -2.00000 10.07918 0.7922626138 2.4159880831    0.791  0.761  3.7578  3.558    2  0.000  0.535     0.00     0.00     0.00     0.00     0.00 -1 -1.35e-12      0.00 7.921e-01 2.078e-01 2.501e-05 6.849e-06 6.236e-05 -1.000 1.167e-04 2.866 3.845 3.217 2.840 2.723 2.690 2.686
0.00015547 -2.00000 10.07918 0.7929115295 2.4162199347    0.791  0.801  3.7514  3.493    2  0.000  0.536     0.00     0.00     0.00     0.00     0.00 -1 -1.58e-12      0.00 7.808e-01 2.191e-01 2.608e-05 7.137e-06 6.492e-05 -1.000 1.547e-04 2.768 3.789 3.138 2.739 2.613 2.573 2.566
0.00015547 -2.00000 10.07918 0.7934238315 2.4164026674    0.792  0.839  3.7473  3.438    2  0.000  0.536     0.00     0.00     0.00     0.00     0.00 -1 -1.85e-12      0.00 7.753e-01 2.245e-01 2.660e-05 7.275e-06 6.616e-05 -1.000 1.636e-04 2.672 3.721 3.055 2.642 2.508 2.464 2.456
0.00015547 -2.00000 10.07918 0.7937740684 2.4165274371    0.792  0.869  3.7448  3.399    2  0.000  0.536     0.00     0.00     0.00     0.00     0.00 -1 -2.07e-12      0.00 7.725e-01 2.273e-01 2.686e-05 7.346e-06 6.679e-05 -1.000 1.637e-04 2.598 3.665 2.989 2.567 2.430 2.383 2.373
0.00015547 -2.00000 10.07918 0.7940821648 2.4166370899    0.792  0.899  3.7431  3.362    3  0.000  0.536     0.00     0.00     0.00     0.00     0.00 -1 -2.31e-12      0.00 7.707e-01 2.291e-01 2.703e-05 7.388e-06 6.717e-05 -1.000 1.448e-04 2.523 3.603 2.920 2.493 2.352 2.303 2.293
0.00015547 -2.00000 10.07918 0.7944860458 2.4167806847    0.793  0.940  3.7410  3.313    3  0.000  0.537     0.00     0.00     0.00     0.00     0.00 -1 -2.68e-12      0.00 7.685e-01 2.313e-01 2.721e-05 7.437e-06 6.760e-05 -1.000 1.424e-04 2.420 3.515 2.824 2.390 2.246 2.195 2.184
0.00015547 -2.00000 10.07918 0.7948929667 2.4169251906    0.793  0.984  3.7391  3.262    3  0.000  0.537     0.00     0.00     0.00     0.00     0.00 -1 -3.15e-12      0.00 7.666e-01 2.333e-01 2.736e-05 7.477e-06 6.796e-05 -1.000 1.407e-04 2.311 3.420 2.721 2.281 2.134 2.081 2.069
0.00015547 -2.00000 10.07918 0.7952827215 2.4170634410    0.793  1.028  3.7374  3.211    3  0.000  0.537     0.00     0.00     0.00     0.00     0.00 -1  -3.7e-12      0.00 7.648e-01 2.350e-01 2.747e-05 7.509e-06 6.825e-05 -1.000 1.624e-04 2.199 3.321 2.616 2.169 2.020 1.965 1.952
0.00015547 -2.00000 10.07918 0.7956970334 2.4172102313    0.793  1.079  3.7356  3.153    3  0.000  0.537     0.00     0.00     0.00     0.00     0.00 -1 -4.44e-12      0.00 7.631e-01 2.367e-01 2.758e-05 7.539e-06 6.851e-05 -1.000 1.637e-04 2.072 3.208 2.495 2.043 1.892 1.834 1.820
0.00015547 -2.00000 10.07918 0.7960445881 2.4173332341    0.794  1.125  3.7341  3.102    3  0.000  0.537     0.00     0.00     0.00     0.00     0.00 -1 -5.23e-12      0.00 7.617e-01 2.381e-01 2.766e-05 7.561e-06 6.870e-05 -1.000 1.636e-04 1.958 3.105 2.386 1.930 1.776 1.717 1.702
0.00015547 -2.00000 10.07918 0.7963963151 2.4174575878    0.794  1.175  3.7326  3.046    3  0.000  0.537     0.00     0.00     0.00     0.00     0.00 -1 -6.26e-12      0.00 7.603e-01 2.395e-01 2.772e-05 7.580e-06 6.887e-05 -1.000 1.464e-04 1.834 2.992 2.267 1.806 1.650 1.589 1.573
0.00015547 -2.00000 10.07918 0.7967413664 2.4175794587    0.794  1.228  3.7310  2.986    3  0.000  0.536     0.00     0.00     0.00     0.00     0.00 -1 -7.57e-12      0.00 7.590e-01 2.409e-01 2.777e-05 7.599e-06 6.902e-05 -1.000 1.506e-04 1.701 2.871 2.140 1.674 1.515 1.452 1.436
0.00015547 -2.00000 10.07918 0.7970198989 2.4176777468    0.794  1.275  3.7295  2.934    3  0.000  0.536     0.00     0.00     0.00     0.00     0.00 -1 -8.96e-12      0.00 7.579e-01 2.420e-01 2.779e-05 7.616e-06 6.912e-05 -1.000 1.616e-04 1.584 2.765 2.027 1.557 1.396 1.332 1.315
0.00015547 -2.00000 10.07918 0.7972885370 2.4177724686    0.794  1.324  3.7280  2.879    3  0.000  0.535     0.00     0.00     0.00     0.00     0.00 -1 -1.07e-11      0.00 7.569e-01 2.430e-01 2.779e-05 7.634e-06 6.921e-05 -1.000 1.638e-04 1.461 2.655 1.910 1.435 1.272 1.205 1.188
0.00015547 -2.00000 10.07918 0.7975298762 2.4178575022    0.795  1.372  3.7266  2.825    3  0.000  0.535     0.00     0.00     0.00     0.00     0.00 -1 -1.27e-11      0.00 7.560e-01 2.438e-01 2.777e-05 7.655e-06 6.928e-05 -1.000 1.633e-04 1.341 2.546 1.795 1.316 1.150 1.082 1.064
0.00015547 -2.00000 10.07918 0.7977485657 2.4179345043    0.795  1.419  3.7250  2.771    3  0.000  0.534     0.00     0.00     0.00     0.00     0.00 -1 -1.51e-11      0.00 7.553e-01 2.445e-01 2.775e-05 7.681e-06 6.934e-05 -1.000 1.621e-04 1.222 2.440 1.682 1.198 1.030 0.960 0.941
0.00015547 -2.00000 10.07918 0.7979442477 2.4180033642    0.795  1.466  3.7236  2.719    3  0.000  0.533     0.00     0.00     0.00     0.00     0.00 -1 -1.78e-11      0.00 7.547e-01 2.451e-01 2.771e-05 7.708e-06 6.938e-05 -1.000 1.628e-04 1.106 2.336 1.571 1.082 0.912 0.840 0.820
0.00015547 -2.00000 10.07918 0.7981293797 2.4180684759    0.795  1.514  3.7220  2.664    3  0.000  0.532     0.00     0.00     0.00     0.00     0.00 -1 -2.12e-11      0.00 7.542e-01 2.456e-01 2.768e-05 7.739e-06 6.941e-05 -1.000 1.636e-04 0.985 2.228 1.456 0.963 0.790 0.717 0.696
0.00015547 -2.00000 10.07918 0.7982938290 2.4181262841    0.795  1.561  3.7204  2.611    3  0.000  0.531     0.00     0.00     0.00     0.00     0.00 -1 -2.51e-11      0.00 7.539e-01 2.460e-01 2.764e-05 7.768e-06 6.944e-05 -1.000 1.637e-04 0.868 2.124 1.345 0.847 0.671 0.596 0.575
0.00015547 -2.00000 10.07918 0.7984399796 2.4181776370    0.795  1.606  3.7189  2.559    3  0.000  0.531     0.00     0.00     0.00     0.00     0.00 -1 -2.96e-11      0.00 7.536e-01 2.462e-01 2.762e-05 7.790e-06 6.945e-05 -1.000 1.636e-04 0.754 2.023 1.237 0.734 0.556 0.479 0.457
0.00015547 -2.00000 10.07918 0.7985723615 2.4182241333    0.794  1.651  3.7174  2.508    3  0.000  0.530     0.00     0.00     0.00     0.00     0.00 -1 -3.48e-11      0.00 7.535e-01 2.463e-01 2.760e-05 7.803e-06 6.946e-05 -1.000 1.627e-04 0.642 1.924 1.132 0.623 0.443 0.364 0.341
0.00015547 -2.00000 10.07918 0.7986964583 2.4182677035    0.794  1.697  3.7157  2.456    3  0.000  0.530     0.00     0.00     0.00     0.00     0.00 -1 -4.11e-11      0.00 7.534e-01 2.464e-01 2.759e-05 7.811e-06 6.947e-05 -1.000 1.636e-04 0.528 1.827 1.024 0.509 0.326 0.246 0.222
0.00015547 -2.00000 10.07918 0.7988060713 2.4183061756    0.794  1.741  3.7141  2.405    3  0.000  0.530     0.00     0.00     0.00     0.00     0.00 -1 -4.82e-11      0.00 7.534e-01 2.464e-01 2.759e-05 7.815e-06 6.947e-05 -1.000 1.637e-04 0.417 1.734 0.920 0.400 0.214 0.132 0.107
0.00015547 -2.00000 10.07918 0.7989073396 2.4183417080    0.794  1.785  3.7126  2.355    3  0.000  0.530     0.00     0.00     0.00     0.00     0.00 -1 -5.66e-11      0.00 7.534e-01 2.465e-01 2.759e-05 7.816e-06 6.948e-05 -1.000 1.637e-04 0.307 1.640 0.816 0.290 0.101 0.017 -0.008
0.00015547 -2.00000 10.07918 0.7990002632 2.4183743034    0.794  1.829  3.7109  2.304    3  0.000  0.530     0.00     0.00     0.00     0.00     0.00 -1 -6.64e-11      0.00 7.534e-01 2.465e-01 2.759e-05 7.816e-06 6.948e-05 -1.000 1.637e-04 0.197 1.547 0.713 0.180 -0.011 -0.097 -0.123
0.00015547 -2.00000 10.07918 0.7990828753 2.4184032744    0.794  1.872  3.7093  2.255    3  0.000  0.530     0.00     0.00     0.00     0.00     0.00 -1 -5.75e-11      0.00 7.534e-01 2.465e-01 2.759e-05 7.816e-06 6.948e-05 -1.000 1.636e-04 0.091 1.459 0.615 0.075 -0.118 -0.206 -0.234
0.00015547 -2.00000 10.07918 0.7991592288 2.4184300445    0.793  1.914  3.7078  2.207    3  0.000  0.530     0.00     0.00     0.00     0.00     0.00 -1 -5.83e-11      0.00 7.534e-01 2.465e-01 2.759e-05 7.817e-06 6.948e-05 -1.000 1.636e-04 -0.015 1.372 0.517 -0.029 -0.225 -0.315 -0.343
0.00015547 -2.00000 10.07918 0.7992325425 2.4184557432    0.793  1.958  3.7061  2.156    3  0.000  0.530     0.00     0.00     0.00     0.00     0.00 -1 -6.86e-11      0.00 7.534e-01 2.465e-01 2.759e-05 7.817e-06 6.948e-05 -1.000 1.637e-04 -0.124 1.283 0.416 -0.137 -0.336 -0.428 -0.457
0.00015547 -2.00000 10.07918 0.7992953062 2.4184777396    0.793  1.998  3.7045  2.109    3  0.000  0.530     0.00     0.00     0.00     0.00     0.00 -1 -8.22e-11      0.00 7.534e-01 2.465e-01 2.759e-05 7.817e-06 6.948e-05 -1.000 1.636e-04 -0.225 1.201 0.323 -0.237 -0.439 -0.533 -0.562
0.00015547 -2.00000 10.07918 0.7993533611 2.4184980822    0.792  2.038  3.7029  2.063    3  0.000  0.530     0.00     0.00     0.00     0.00     0.00 -1 -9.82e-11      0.00 7.533e-01 2.465e-01 2.759e-05 7.818e-06 6.948e-05 -1.000 1.636e-04 -0.325 1.120 0.230 -0.336 -0.540 -0.636 -0.667
0.00015547 -2.00000 10.07918 0.7994087934 2.4185175026    0.792  2.079  3.7013  2.015    3  0.000  0.530     0.00     0.00     0.00     0.00     0.00 -1 -1.18e-10      0.00 7.533e-01 2.465e-01 2.759e-05 7.818e-06 6.948e-05 -1.000 1.636e-04 -0.428 1.036 0.136 -0.437 -0.645 -0.742 -0.774
0.00015547 -2.00000 10.07918 0.7994572520 2.4185344773    0.792  2.117  3.6997  1.970    3  0.000  0.530     0.00     0.00     0.00     0.00     0.00 -1 -1.39e-10      0.00 7.533e-01 2.465e-01 2.759e-05 7.818e-06 6.948e-05 -1.000 1.637e-04 -0.523 0.963 0.050 -0.531 -0.741 -0.841 -0.874
0.00015547 -2.00000 10.07918 0.7995026112 2.4185503641    0.791  2.155  3.6982  1.926    3  0.000  0.530     0.00     0.00     0.00     0.00     0.00 -1 -1.63e-10      0.00 7.533e-01 2.465e-01 2.759e-05 7.818e-06 6.949e-05 -1.000 1.636e-04 -0.617 0.891 -0.035 -0.623 -0.836 -0.938 -0.971
0.00015547 -2.00000 10.07918 0.7995497584 2.4185668750    0.791  2.189  3.6968  1.886    3  0.000  0.530     0.00     0.00     0.00     0.00     0.00 -1 -1.91e-10      0.00 7.533e-01 2.465e-01 2.759e-05 7.819e-06 6.949e-05 -1.000 1.636e-04 -0.704 0.824 -0.115 -0.708 -0.924 -1.028 -1.062
0.00015547 -2.00000 10.07918 0.7996020913 2.4185851993    0.790  2.219  3.6956  1.851    3  0.000  0.530     0.00     0.00     0.00     0.00     0.00 -1  -2.2e-10      0.00 7.533e-01 2.465e-01 2.759e-05 7.819e-06 6.949e-05 -1.000 1.637e-04 -0.778 0.768 -0.182 -0.782 -1.000 -1.105 -1.139
0.00015547 -2.00000 10.07918 0.7996307611 2.4185952368    0.790  2.211  3.6962  1.861    3  0.000  0.530     0.00     0.00     0.00     0.00     0.00 -1 -2.19e-10      0.00 7.533e-01 2.465e-01 2.759e-05 7.819e-06 6.949e-05 -1.000 1.636e-04 -0.758 0.779 -0.166 -0.762 -0.979 -1.084 -1.118
0.00015547 -2.00000 10.07918 0.7996371984 2.4185974905    0.790  2.218  3.6959  1.853    3  0.000  0.530     0.00     0.00     0.00     0.00     0.00 -1 -2.24e-10      0.00 7.533e-01 2.465e-01 2.759e-05 7.819e-06 6.949e-05 -1.000 1.636e-04 -0.775 0.767 -0.181 -0.779 -0.997 -1.102 -1.136
0.00015547 -2.00000 10.07918 0.7996729612 2.4186100099    0.789  2.259  3.6941  1.804    3  0.000  0.530     0.00     0.00     0.00     0.00     0.00 -1 -2.64e-10      0.00 7.533e-01 2.465e-01 2.759e-05 7.819e-06 6.949e-05 -1.000 1.636e-04 -0.878 0.691 -0.273 -0.880 -1.101 -1.208 -1.244
0.00015547 -2.00000 10.07918 0.7997089624 2.4186226115    0.788  2.303  3.6923  1.753    3  0.000  0.530     0.00     0.00     0.00     0.00     0.00 -1 -3.16e-10      0.00 7.533e-01 2.465e-01 2.759e-05 7.819e-06 6.949e-05 -1.000 1.636e-04 -0.988 0.608 -0.372 -0.988 -1.212 -1.322 -1.358
0.00015547 -2.00000 10.07918 0.7997395992 2.4186333344    0.788  2.343  3.6904  1.705    3  0.000  0.530     0.00     0.00     0.00     0.00     0.00 -1 -3.72e-10      0.00 7.533e-01 2.465e-01 2.759e-05 7.819e-06 6.949e-05 -1.000 1.636e-04 -1.087 0.536 -0.460 -1.085 -1.313 -1.425 -1.462
0.00015547 -2.00000 10.07918 0.7997697592 2.4186438894    0.787  2.384  3.6885  1.656    3  0.000  0.530     0.00     0.00     0.00     0.00     0.00 -1 -4.42e-10      0.00 7.533e-01 2.465e-01 2.759e-05 7.820e-06 6.949e-05 -1.000 1.636e-04 -1.191 0.462 -0.552 -1.186 -1.418 -1.532 -1.571
0.00015547 -2.00000 10.07918 0.7997978330 2.4186537135    0.786  2.426  3.6868  1.607    3  0.000  0.530     0.00     0.00     0.00     0.00     0.00 -1 -5.23e-10      0.00 7.533e-01 2.465e-01 2.759e-05 7.820e-06 6.949e-05 -1.000 1.636e-04 -1.295 0.388 -0.644 -1.288 -1.523 -1.640 -1.680
0.00015547 -2.00000 10.07918 0.7998224497 2.4186623272    0.786  2.465  3.6848  1.559    3  0.000  0.530     0.00     0.00     0.00     0.00     0.00 -1 -6.14e-10      0.00 7.533e-01 2.465e-01 2.759e-05 7.820e-06 6.949e-05 -1.000 1.636e-04 -1.393 0.329 -0.728 -1.384 -1.623 -1.742 -1.783
0.00015547 -2.00000 10.07918 0.7998468280 2.4186708569    0.785  2.507  3.6829  1.510    3  0.000  0.530     6.52     5.22     3.72     2.87     2.32  3 -7.25e-10      0.00 7.533e-01 2.465e-01 2.759e-05 7.820e-06 6.949e-05 -1.000 1.636e-04 -1.497 0.273 -0.817 -1.487 -1.730 -1.851 -1.893
0.00015547 -2.00000 10.07918 0.7998684645 2.4186784268    0.784  2.546  3.6811  1.462    3  0.000  0.530     7.21     5.69     4.03     3.12     2.52  3  -8.5e-10      0.00 7.533e-01 2.465e-01 2.759e-05 7.820e-06 6.949e-05 -1.000 1.636e-04 -1.596 0.225 -0.900 -1.585 -1.832 -1.955 -1.998
0.00015547 -2.00000 10.07918 0.7998886704 2.4186854957    0.783  2.586  3.6792  1.414    3  0.000  0.530     7.98     6.20     4.38     3.39     2.74  3 -9.96e-10      0.00 7.533e-01 2.465e-01 2.759e-05 7.820e-06 6.949e-05 -1.000 1.636e-04 -1.695 0.184 -0.981 -1.682 -1.933 -2.059 -2.104
0.00015547 -2.00000 10.07918 0.7999078631 2.4186922098    0.782  2.626  3.6773  1.366    3  0.000  0.530     8.83     6.76     4.76     3.69     2.99  3 -1.17e-09      0.00 7.533e-01 2.465e-01 2.759e-05 7.820e-06 6.949e-05 -1.000 1.636e-04 -1.795 0.145 -1.061 -1.781 -2.036 -2.165 -2.210
0.00015547 -2.00000 10.07918 0.7999285460 2.4186994447    0.780  2.673  3.6749  1.309    3  0.000  0.530     9.96     7.49     5.24     4.07     3.30  3 -1.41e-09      0.00 7.533e-01 2.465e-01 2.759e-05 7.820e-06 6.949e-05 -1.000 1.636e-04 -1.911 0.112 -1.150 -1.894 -2.156 -2.288 -2.335
0.00015547 -2.00000 10.07918 0.7999452353 2.4187052824    0.779  2.713  3.6729  1.260    3  0.000  0.530    11.04     8.18     5.70     4.44     3.59  3 -1.65e-09      0.00 7.533e-01 2.465e-01 2.759e-05 7.820e-06 6.949e-05 -1.000 1.636e-04 -2.012 0.084 -1.227 -1.993 -2.260 -2.395 -2.443
0.00015547 -2.00000 10.07918 0.7999623418 2.4187112657    0.777  2.758  3.6705  1.205    3  0.000  0.530    12.41     9.04     6.27     4.89     3.96  2 -1.97e-09      0.00 7.533e-01 2.465e-01 2.759e-05 7.820e-06 6.949e-05 -1.000 1.636e-04 -2.124 0.067 -1.308 -2.101 -2.375 -2.514 -2.563
0.00015547 -2.00000 10.07918 0.7999765277 2.4187162272    0.776  2.797  3.6686  1.157    3  0.000  0.530    13.73     9.85     6.81     5.31     4.30  2 -2.31e-09      0.00 7.533e-01 2.465e-01 2.759e-05 7.821e-06 6.949e-05 -1.000 1.637e-04 -2.223 0.047 -1.380 -2.197 -2.477 -2.618 -2.669
0.00015547 -2.00000 10.07918 0.7999909520 2.4187212720    0.774  2.840  3.6661  1.102    3  0.000  0.530    15.40    10.86     7.48     5.84     4.73  2 -2.74e-09      0.00 7.533e-01 2.465e-01 2.759e-05 7.821e-06 6.949e-05 -1.000 1.637e-04 -2.331 0.051 -1.450 -2.300 -2.587 -2.733 -2.785
0.00015547 -2.00000 10.07918 0.8000000119 2.4187244405    0.772  2.869  3.6647  1.067    3  0.000  0.530    16.60    11.58     7.94     6.21     5.03  2 -3.07e-09      0.00 7.533e-01 2.465e-01 2.759e-05 7.821e-06 6.949e-05 -1.000 1.636e-04 -2.404 0.045 -1.500 -2.370 -2.662 -2.809 -2.863
0.00015547 -2.00000 10.07918 0.8000029922 2.4187254827    0.772  2.879  3.6642  1.055    3  0.000  0.530    17.01    11.82     8.10     6.34     5.14  2 -3.18e-09      0.00 7.533e-01 2.465e-01 2.759e-05 7.821e-06 6.949e-05 -1.000 1.636e-04 -2.427 0.044 -1.516 -2.392 -2.686 -2.834 -2.888
0.00015547 -2.00000 10.07918 0.8000156283 2.4187299017    0.770  2.922  3.6617  1.001    3  0.000  0.530    19.07    13.03     8.89     6.97     5.65  2 -3.74e-09      0.00 7.533e-01 2.465e-01 2.759e-05 7.821e-06 6.949e-05 -1.000 1.636e-04 -2.535 0.061 -1.580 -2.494 -2.796 -2.949 -3.005
0.00015547 -2.00000 10.07918 0.8000283837 2.4187343623    0.767  2.969  3.6593  0.943    3  0.000  0.530    21.56    14.46     9.82     7.71     6.25  2 -4.46e-09      0.00 7.533e-01 2.465e-01 2.759e-05 7.821e-06 6.949e-05 -1.000 1.636e-04 -2.652 0.083 -1.647 -2.604 -2.917 -3.074 -3.132
0.00015547 -2.00000 10.07918 0.8000388145 2.4187380098    0.764  3.010  3.6568  0.890    3  0.000  0.530    24.08    15.89    10.75     8.45     6.85  1 -5.23e-09      0.00 7.533e-01 2.465e-01 2.759e-05 7.821e-06 6.949e-05 -1.000 1.636e-04 -2.755 0.102 -1.700 -2.696 -3.019 -3.182 -3.241
0.00015547 -2.00000 10.07918 0.8000476956 2.4187411154    0.762  3.047  3.6548  0.844    3  0.000  0.530    26.56    17.27    11.64     9.16     7.43  1 -6.02e-09      0.00 7.533e-01 2.465e-01 2.759e-05 7.821e-06 6.949e-05 -1.000 1.636e-04 -2.848 0.089 -1.757 -2.780 -3.111 -3.278 -3.339
0.00015547 -2.00000 10.07918 0.8000569344 2.4187443459    0.759  3.088  3.6523  0.792    3  0.000  0.530    29.65    18.96    12.72    10.03     8.13  1 -7.03e-09      0.00 7.533e-01 2.466e-01 2.759e-05 7.822e-06 6.949e-05 -1.000 1.637e-04 -2.949 0.084 -1.815 -2.870 -3.211 -3.383 -3.446
0.00015547 -2.00000 10.07918 0.8000663519 2.4187476388    0.755  3.132  3.6498  0.735    3  0.000  0.530    33.40    20.97    14.01    11.06     8.97  1 -8.32e-09      0.00 7.533e-01 2.466e-01 2.759e-05 7.822e-06 6.949e-05 -1.000 1.636e-04 -3.060 0.074 -1.881 -2.969 -3.320 -3.497 -3.562
0.00015547 -2.00000 10.07918 0.8000742793 2.4187504106    0.751  3.172  3.6473  0.683    3  0.000  0.530    37.26    23.01    15.30    12.10     9.82  1 -9.71e-09      0.00 7.533e-01 2.466e-01 2.759e-05 7.822e-06 6.949e-05 -1.000 1.636e-04 -3.160 0.071 -1.936 -3.055 -3.416 -3.599 -3.666
0.00015547 -2.00000 10.07918 0.8000822067 2.4187531824    0.747  3.214  3.6449  0.629    3  0.000  0.530    41.76    25.34    16.78    13.29    10.79  1 -1.14e-08      0.00 7.533e-01 2.466e-01 2.759e-05 7.822e-06 6.949e-05 -1.000 1.636e-04 -3.265 0.064 -1.996 -3.147 -3.519 -3.706 -3.775
0.00015547 -2.00000 10.07918 0.8000895977 2.4187557665    0.742  3.253  3.6424  0.577    3  0.000  0.530    46.59    27.80    18.32    14.54    11.80  1 -1.33e-08      0.00 7.533e-01 2.466e-01 2.759e-05 7.822e-06 6.949e-05 -1.000 1.636e-04 -3.364 0.063 -2.047 -3.232 -3.614 -3.807 -3.878
0.00015547 -2.00000 10.07918 0.8000916839 2.4187564959    0.741  3.263  3.6419  0.564    3  0.000  0.530    47.85    28.43    18.72    14.86    12.06  1 -1.39e-08      0.00 7.533e-01 2.466e-01 2.759e-05 7.822e-06 6.949e-05 -1.000 1.637e-04 -3.388 0.062 -2.060 -3.253 -3.637 -3.831 -3.904
0.00015547 -2.00000 10.07918 0.8000916839 2.4187564959    0.741  1.672  3.9019  3.195    4  0.000  0.532     0.00     0.00     0.00     0.00     0.00 -1    -1e-30      0.00 7.549e-01 2.450e-01 2.759e-05 7.739e-06 6.924e-05 -1.000 1.637e-04 0.589 0.997 0.525 0.670 0.816 0.871 0.907
0.00015547 -2.00000 10.07918 0.8000925183 2.4187567877    0.741  1.682  3.8959  3.161    4  0.000  0.532     0.00     0.00     0.00     0.00     0.00 -1    -1e-30      0.00 7.549e-01 2.450e-01 2.759e-05 7.739e-06 6.924e-05 -1.000 1.637e-04 0.564 0.981 0.503 0.630 0.767 0.820 0.855
0.00015547 -2.00000 10.07918 0.8001459241 2.4187754584    0.741  1.697  3.8891  3.119    4  0.000  0.532     0.00     0.00     0.00     0.00     0.00 -1    -1e-30      0.00 7.549e-01 2.450e-01 2.759e-05 7.739e-06 6.924e-05 -1.000 1.637e-04 0.527 0.955 0.471 0.578 0.704 0.754 0.788
0.00015547 -2.00000 10.07918 0.8001978397 2.4187936055    0.741  1.697  3.8898  3.122    4  0.000  0.532     0.00     0.00     0.00     0.00     0.00 -1    -1e-30      0.00 7.549e-01 2.450e-01 2.759e-05 7.739e-06 6.924e-05 -1.000 1.637e-04 0.527 0.953 0.469 0.578 0.706 0.756 0.790
0.00015547 -2.00000 10.07918 0.8002498746 2.4188117915    0.741  1.697  3.8906  3.125    4  0.000  0.532     0.00     0.00     0.00     0.00     0.00 -1    -1e-30      0.00 7.549e-01 2.450e-01 2.759e-05 7.739e-06 6.924e-05 -1.000 1.637e-04 0.527 0.951 0.468 0.580 0.709 0.760 0.793
0.00015547 -2.00000 10.07918 0.8003025651 2.4188302039    0.741  1.697  3.8914  3.128    4  0.000  0.532     0.00     0.00     0.00     0.00     0.00 -1    -1e-30      0.00 7.549e-01 2.450e-01 2.759e-05 7.739e-06 6.924e-05 -1.000 1.637e-04 0.527 0.950 0.468 0.582 0.713 0.763 0.797
0.00015547 -2.00000 10.07918 0.8003565669 2.4188490716    0.741  1.697  3.8921  3.131    4  0.000  0.532     0.00     0.00     0.00     0.00     0.00 -1    -1e-30      0.00 7.549e-01 2.450e-01 2.759e-05 7.739e-06 6.924e-05 -1.000 1.637e-04 0.527 0.948 0.467 0.584 0.715 0.766 0.800
0.00015547 -2.00000 10.07918 0.8004102111 2.4188678115    0.741  1.697  3.8927  3.133    4  0.000  0.532     0.00     0.00     0.00     0.00     0.00 -1    -1e-30      0.00 7.549e-01 2.450e-01 2.759e-05 7.739e-06 6.924e-05 -1.000 1.637e-04 0.527 0.947 0.467 0.585 0.718 0.769 0.803
0.00015547 -2.00000 10.07918 0.8004603386 2.4188853203    0.741  1.697  3.8930  3.135    4  0.000  0.532     0.00     0.00     0.00     0.00     0.00 -1    -1e-30      0.00 7.549e-01 2.450e-01 2.759e-05 7.739e-06 6.924e-05 -1.000 1.637e-04 0.527 0.947 0.467 0.586 0.719 0.770 0.804
0.00015547 -2.00000 10.07918 0.8005144596 2.4189042211    0.741  1.697  3.8931  3.135    4  0.000  0.532     0.00     0.00     0.00     0.00     0.00 -1    -1e-30      0.00 7.549e-01 2.450e-01 2.759e-05 7.739e-06 6.924e-05 -1.000 1.637e-04 0.526 0.946 0.466 0.586 0.719 0.770 0.804
0.00015547 -2.00000 10.07918 0.8005643487 2.4189216414    0.741  1.698  3.8928  3.133    4  0.000  0.532     0.00     0.00     0.00     0.00     0.00 -1    -1e-30      0.00 7.549e-01 2.450e-01 2.759e-05 7.739e-06 6.924e-05 -1.000 1.637e-04 0.525 0.946 0.465 0.584 0.716 0.767 0.801
0.00015547 -2.00000 10.07918 0.8006148934 2.4189392880    0.741  1.699  3.8921  3.130    4  0.000  0.532     0.00     0.00     0.00     0.00     0.00 -1    -1e-30      0.00 7.549e-01 2.450e-01 2.759e-05 7.739e-06 6.924e-05 -1.000 1.636e-04 0.524 0.945 0.464 0.581 0.712 0.763 0.797
0.00015547 -2.00000 10.07918 0.8006679416 2.4189578060    0.741  1.700  3.8909  3.124    4  0.000  0.532     0.00     0.00     0.00     0.00     0.00 -1    -1e-30      0.00 7.549e-01 2.450e-01 2.759e-05 7.739e-06 6.924e-05 -1.000 1.636e-04 0.521 0.945 0.462 0.575 0.705 0.756 0.789
0.00015547 -2.00000 10.07918 0.8007231355 2.4189770699    0.741  1.701  3.8892  3.116    4  0.000  0.532     0.00     0.00     0.00     0.00     0.00 -1    -1e-30      0.00 7.549e-01 2.450e-01 2.759e-05 7.739e-06 6.924e-05 -1.000 1.637e-04 0.518 0.945 0.461 0.568 0.695 0.745 0.778
0.00015547 -2.00000 10.07918 0.8007745743 2.4189950205    0.741  1.702  3.8870  3.105    4  0.000  0.532     0.00     0.00     0.00     0.00     0.00 -1    -1e-30      0.00 7.549e-01 2.450e-01 2.759e-05 7.739e-06 6.924e-05 -1.000 1.637e-04 0.514 0.946 0.461 0.560 0.683 0.732 0.765
0.00015547 -2.00000 10.07918 0.8008250594 2.4190126358    0.741  1.704  3.8842  3.092    4  0.000  0.532     0.00     0.00     0.00     0.00     0.00 -1    -1e-30      0.00 7.549e-01 2.450e-01 2.759e-05 7.739e-06 6.924e-05 -1.000 1.637e-04 0.509 0.947 0.460 0.550 0.668 0.717 0.749
0.00015547 -2.00000 10.07918 0.8008781672 2.4190311633    0.741  1.707  3.8806  3.076    4  0.000  0.532     0.00     0.00     0.00     0.00     0.00 -1    -1e-30      0.00 7.549e-01 2.450e-01 2.759e-05 7.739e-06 6.924e-05 -1.000 1.637e-04 0.503 0.949 0.460 0.537 0.649 0.697 0.728
0.00015547 -2.00000 10.07918 0.8009281754 2.4190486070    0.742  1.710  3.8766  3.057    4  0.000  0.532     0.00     0.00     0.00     0.00     0.00 -1    -1e-30      0.00 7.549e-01 2.450e-01 2.759e-05 7.739e-06 6.924e-05 -1.000 1.637e-04 0.496 0.952 0.460 0.524 0.629 0.675 0.706
0.00015547 -2.00000 10.07918 0.8009785414 2.4190661729    0.742  1.713  3.8720  3.036    4  0.000  0.532     0.00     0.00     0.00     0.00     0.00 -1    -1e-30      0.00 7.549e-01 2.450e-01 2.759e-05 7.739e-06 6.924e-05 -1.000 1.636e-04 0.489 0.956 0.461 0.509 0.606 0.650 0.680
0.00015547 -2.00000 10.07918 0.8010303378 2.4190842350    0.742  1.716  3.8666  3.011    4  0.000  0.532     0.00     0.00     0.00     0.00     0.00 -1    -1e-30      0.00 7.549e-01 2.450e-01 2.759e-05 7.739e-06 6.924e-05 -1.000 1.636e-04 0.480 0.961 0.463 0.492 0.579 0.622 0.651
0.00015547 -2.00000 10.07918 0.8010834455 2.4191027516    0.742  1.720  3.8604  2.982    4  0.000  0.532     0.00     0.00     0.00     0.00     0.00 -1    -1e-30      0.00 7.549e-01 2.450e-01 2.759e-05 7.739e-06 6.924e-05 -1.000 1.637e-04 0.469 0.967 0.466 0.474 0.549 0.590 0.617
0.00015547 -2.00000 10.07918 0.8011329770 2.4191200188    0.742  1.724  3.8540  2.952    4  0.000  0.532     0.00     0.00     0.00     0.00     0.00 -1    -1e-30      0.00 7.549e-01 2.450e-01 2.759e-05 7.739e-06 6.924e-05 -1.000 1.636e-04 0.459 0.975 0.471 0.457 0.521 0.558 0.584
0.00015547 -2.00000 10.07918 0.8011376858 2.4191216602    0.742  1.725  3.8533  2.949    4  0.000  0.532     0.00     0.00     0.00     0.00     0.00 -1    -1e-30      0.00 7.549e-01 2.450e-01 2.759e-05 7.739e-06 6.924e-05 -1.000 1.637e-04 0.458 0.975 0.472 0.455 0.518 0.555 0.581
0.00015547 -2.00000 10.07918 0.8011463284 2.4191246728    0.742  1.726  3.8522  2.943    4  0.000  0.532     0.00     0.00     0.00     0.00     0.00 -1    -1e-30      0.00 7.549e-01 2.450e-01 2.759e-05 7.739e-06 6.924e-05 -1.000 1.637e-04 0.456 0.977 0.473 0.452 0.513 0.549 0.575
0.00015547 -2.00000 10.07918 0.8011974692 2.4191424977    0.742  1.730  3.8453  2.911    4  0.000  0.532     0.00     0.00     0.00     0.00     0.00 -1    -1e-30      0.00 7.549e-01 2.450e-01 2.759e-05 7.739e-06 6.924e-05 -1.000 1.637e-04 0.444 0.986 0.479 0.435 0.482 0.515 0.539
0.00015547 -2.00000 10.07918 0.8012473583 2.4191598839    0.742  1.735  3.8383  2.879    4  0.000  0.532     0.00     0.00     0.00     0.00     0.00 -1    -1e-30      0.00 7.549e-01 2.450e-01 2.759e-05 7.739e-06 6.924e-05 -1.000 1.637e-04 0.433 0.996 0.485 0.418 0.452 0.482 0.504
0.00015547 -2.00000 10.07918 0.8013007045 2.4191784720    0.742  1.740  3.8303  2.841    4  0.000  0.532     0.00     0.00     0.00     0.00     0.00 -1    -1e-30      0.00 7.549e-01 2.450e-01 2.759e-05 7.739e-06 6.924e-05 -1.000 1.637e-04 0.419 1.009 0.493 0.398 0.418 0.443 0.463
0.00015547 -2.00000 10.07918 0.8013514280 2.4191961437    0.742  1.746  3.8223  2.804    4  0.000  0.532     0.00     0.00     0.00     0.00     0.00 -1    -1e-30      0.00 7.549e-01 2.450e-01 2.759e-05 7.739e-06 6.924e-05 -1.000 1.637e-04 0.405 1.024 0.501 0.379 0.385 0.405 0.422
0.00015547 -2.00000 10.07918 0.8014001250 2.4192131070    0.742  1.752  3.8151  2.769    4  0.000  0.532     0.00     0.00     0.00     0.00     0.00 -1    -1e-30      0.00 7.549e-01 2.450e-01 2.759e-05 7.739e-06 6.924e-05 -1.000 1.637e-04 0.391 1.037 0.508 0.362 0.354 0.369 0.384
0.00015547 -2.00000 10.07918 0.8014503121 2.4192305868    0.742  1.758  3.8076  2.733    4  0.000  0.532     0.00     0.00     0.00     0.00     0.00 -1    -1e-30      0.00 7.549e-01 2.450e-01 2.759e-05 7.739e-06 6.924e-05 -1.000 1.636e-04 0.375 1.054 0.516 0.343 0.322 0.331 0.344
0.00015547 -2.00000 10.07918 0.8014996052 2.4192477528    0.742  1.764  3.8007  2.699    4  0.000  0.532     0.00     0.00     0.00     0.00     0.00 -1    -1e-30      0.00 7.549e-01 2.450e-01 2.759e-05 7.739e-06 6.924e-05 -1.000 1.637e-04 0.360 1.070 0.524 0.326 0.292 0.296 0.307
0.00015547 -2.00000 10.07918 0.8015494347 2.4192651031    0.742  1.770  3.7942  2.667    4  0.000  0.532     0.00     0.00     0.00     0.00     0.00 -1    -1e-30      0.00 7.549e-01 2.450e-01 2.759e-05 7.739e-06 6.924e-05 -1.000 1.637e-04 0.344 1.086 0.530 0.308 0.264 0.262 0.271
0.00015547 -2.00000 10.07918 0.8015992641 2.4192824509    0.742  1.777  3.7882  2.636    4  0.000  0.532     0.00     0.00     0.00     0.00     0.00 -1    -1e-30      0.00 7.549e-01 2.450e-01 2.759e-05 7.739e-06 6.924e-05 -1.000 1.637e-04 0.327 1.099 0.534 0.290 0.235 0.228 0.235
0.00015547 -2.00000 10.07918 0.8016495109 2.4192999415    0.742  1.786  3.7816  2.601    4  0.000  0.532     0.00     0.00     0.00     0.00     0.00 -1    -1e-30      0.00 7.549e-01 2.450e-01 2.759e-05 7.739e-06 6.924e-05 -1.000 1.637e-04 0.304 1.111 0.535 0.267 0.200 0.188 0.192
0.00015547 -2.00000 10.07918 0.8016594648 2.4193034061    0.742  1.781  3.7831  2.612    4  0.000  0.532     0.00     0.00     0.00     0.00     0.00 -1    -1e-30      0.00 7.549e-01 2.450e-01 2.759e-05 7.739e-06 6.924e-05 -1.000 1.637e-04 0.317 1.116 0.543 0.280 0.216 0.205 0.209
0.00015547 -2.00000 10.07918 0.8017110229 2.4193213500    0.742  1.794  3.7754  2.568    4  0.000  0.532     0.00     0.00     0.00     0.00     0.00 -1    -1e-30      0.00 7.549e-01 2.450e-01 2.759e-05 7.739e-06 6.924e-05 -1.000 1.637e-04 0.285 1.127 0.537 0.248 0.170 0.152 0.153
0.00015547 -2.00000 10.07918 0.8017617464 2.4193390009    0.742  1.811  3.7675  2.519    4  0.000  0.532     0.00     0.00     0.00     0.00     0.00 -1    -1e-30      0.00 7.549e-01 2.450e-01 2.759e-05 7.739e-06 6.924e-05 -1.000 1.637e-04 0.242 1.131 0.522 0.205 0.113 0.088 0.086
0.00015547 -2.00000 10.07918 0.8018044829 2.4193538705    0.743  1.839  3.7579  2.453    4  0.000  0.532     0.00     0.00     0.00     0.00     0.00 -1    -1e-30      0.00 7.549e-01 2.450e-01 2.759e-05 7.739e-06 6.924e-05 -1.000 1.636e-04 0.173 1.123 0.489 0.137 0.028 -0.007 -0.012
0.00015547 -2.00000 10.07918 0.8018276095 2.4193619163    0.743  1.871  3.7489  2.385    4  0.000  0.532     0.00     0.00     0.00     0.00     0.00 -1    -1e-30      0.00 7.549e-01 2.450e-01 2.759e-05 7.739e-06 6.924e-05 -1.000 1.637e-04 0.092 1.104 0.443 0.058 -0.066 -0.111 -0.120
0.00015547 -2.00000 10.07918 0.8018381000 2.4193655658    0.743  1.905  3.7411  2.320    4  0.000  0.532     0.00     0.00     0.00     0.00     0.00 -1    -1e-30      0.00 7.549e-01 2.450e-01 2.759e-05 7.739e-06 6.924e-05 -1.000 1.637e-04 0.007 1.076 0.387 -0.025 -0.163 -0.215 -0.228
0.00015547 -2.00000 10.07918 0.8018427491 2.4193671831    0.743  1.941  3.7343  2.257    4  0.000  0.532     0.00     0.00     0.00     0.00     0.00 -1    -1e-30      0.00 7.549e-01 2.450e-01 2.759e-05 7.739e-06 6.924e-05 -1.000 1.637e-04 -0.083 1.044 0.325 -0.113 -0.262 -0.322 -0.337
0.00015547 -2.00000 10.07918 0.8018449545 2.4193679503    0.743  1.976  3.7290  2.201    4  0.000  0.532     0.00     0.00     0.00     0.00     0.00 -1    -1e-30      0.00 7.549e-01 2.450e-01 2.759e-05 7.739e-06 6.924e-05 -1.000 1.636e-04 -0.170 1.003 0.260 -0.199 -0.357 -0.422 -0.440
0.00015547 -2.00000 10.07918 0.8018458486 2.4193682613    0.743  1.999  3.7260  2.166    7  0.000  0.532     0.00     0.00     0.00     0.00     0.00 -1    -1e-30      0.00 7.549e-01 2.450e-01 2.759e-05 7.739e-06 6.924e-05 -1.000 1.637e-04 -0.228 0.972 0.214 -0.256 -0.419 -0.488 -0.507
0.00015547 -2.00000 10.07918 0.8018460870 2.4193683443    0.743  2.009  3.7249  2.151    7  0.000  0.532     0.00     0.00     0.00     0.00     0.00 -1    -1e-30      0.00 7.549e-01 2.450e-01 2.759e-05 7.739e-06 6.924e-05 -1.000 1.637e-04 -0.253 0.958 0.194 -0.280 -0.445 -0.515 -0.535
0.00015547 -2.00000 10.07918 0.8018470407 2.4193686760    0.743  2.048  3.7212  2.097    7  0.000  0.532     0.00     0.00     0.00     0.00     0.00 -1    -1e-30      0.00 7.549e-01 2.450e-01 2.759e-05 7.739e-06 6.924e-05 -1.000 1.637e-04 -0.351 0.895 0.112 -0.376 -0.548 -0.622 -0.644
0.00015547 -2.00000 10.07918 0.8018479347 2.4193689870    0.743  2.087  3.7179  2.045    7  0.000  0.532     0.00     0.00     0.00     0.00     0.00 -1    -1e-30      0.00 7.549e-01 2.450e-01 2.759e-05 7.739e-06 6.924e-05 -1.000 1.637e-04 -0.448 0.832 0.030 -0.472 -0.648 -0.727 -0.750
0.00015547 -2.00000 10.07918 0.8018488288 2.4193692981    0.743  2.121  3.7152  2.001    7  0.000  0.532     0.00     0.00     0.00     0.00     0.00 -1    -1e-30      0.00 7.549e-01 2.450e-01 2.759e-05 7.739e-06 6.924e-05 -1.000 1.637e-04 -0.533 0.775 -0.043 -0.555 -0.736 -0.817 -0.842
0.00015547 -2.00000 10.07918 0.8018497229 2.4193696091    0.743  2.149  3.7132  1.965    7  0.000  0.532     0.00     0.00     0.00     0.00     0.00 -1    -1e-30      0.00 7.549e-01 2.450e-01 2.759e-05 7.739e-06 6.924e-05 -1.000 1.637e-04 -0.603 0.728 -0.103 -0.624 -0.809 -0.893 -0.918
0.00015547 -2.00000 10.07918 0.8018511534 2.4193701067    0.743  2.168  3.7121  1.941    7  0.000  0.532     0.00     0.00     0.00     0.00     0.00 -1    -1e-30      0.00 7.549e-01 2.450e-01 2.759e-05 7.739e-06 6.924e-05 -1.000 1.636e-04 -0.649 0.695 -0.144 -0.670 -0.857 -0.942 -0.968
0.00015547 -2.00000 10.07918 0.8018538356 2.4193710398    0.743  2.149  3.7136  1.966    7  0.000  0.532     0.00     0.00     0.00     0.00     0.00 -1    -1e-30      0.00 7.549e-01 2.450e-01 2.759e-05 7.739e-06 6.924e-05 -1.000 1.636e-04 -0.601 0.726 -0.103 -0.623 -0.807 -0.890 -0.916
0.00015547 -2.00000 10.07918 0.8018708229 2.4193769489    0.743  2.139  3.7139  1.978    7  0.000  0.532     0.00     0.00     0.00     0.00     0.00 -1    -1e-30      0.00 7.549e-01 2.450e-01 2.759e-05 7.739e-06 6.924e-05 -1.000 1.637e-04 -0.576 0.746 -0.080 -0.598 -0.782 -0.865 -0.890
0.00015547 -2.00000 10.07918 0.8018867373 2.4193824846    0.743  2.164  3.7118  1.944    7  0.000  0.532     0.00     0.00     0.00     0.00     0.00 -1    -1e-30      0.00 7.549e-01 2.450e-01 2.759e-05 7.739e-06 6.924e-05 -1.000 1.636e-04 -0.640 0.706 -0.134 -0.661 -0.848 -0.933 -0.960
0.00015547 -2.00000 10.07918 0.8019060493 2.4193892017    0.743  2.210  3.7086  1.885    7  0.000  0.532     0.00     0.00     0.00     0.00     0.00 -1    -1e-30      0.00 7.549e-01 2.450e-01 2.759e-05 7.739e-06 6.924e-05 -1.000 1.637e-04 -0.754 0.632 -0.232 -0.773 -0.966 -1.055 -1.083
0.00015547 -2.00000 10.07918 0.8019245267 2.4193956282    0.743  2.257  3.7055  1.826    7  0.000  0.532     0.00     0.00     0.00     0.00     0.00 -1    -1e-30      0.00 7.549e-01 2.450e-01 2.759e-05 7.739e-06 6.924e-05 -1.000 1.636e-04 -0.872 0.554 -0.333 -0.888 -1.087 -1.180 -1.210
0.00015547 -2.00000 10.07918 0.8019415140 2.4194015362    0.743  2.303  3.7025  1.768    7  0.000  0.532     0.00     0.00     0.00     0.00     0.00 -1    -1e-30      0.00 7.549e-01 2.450e-01 2.759e-05 7.739e-06 6.924e-05 -1.000 1.637e-04 -0.988 0.477 -0.432 -1.001 -1.206 -1.303 -1.334
0.00015547 -2.00000 10.07918 0.8019568324 2.4194068635    0.743  2.346  3.6999  1.714    7  0.000  0.532     0.00     0.00     0.00     0.00     0.00 -1    -1e-30      0.00 7.549e-01 2.450e-01 2.759e-05 7.740e-06 6.924e-05 -1.000 1.622e-04 -1.096 0.404 -0.526 -1.107 -1.317 -1.417 -1.449
0.00015547 -2.00000 10.07918 0.8019704223 2.4194115894    0.743  2.389  3.6974  1.662    7  0.000  0.531     0.00     0.00     0.00     0.00     0.00 -1    -1e-30      0.00 7.549e-01 2.450e-01 2.758e-05 7.742e-06 6.924e-05 -1.000 1.395e-04 -1.201 0.334 -0.617 -1.210 -1.425 -1.528 -1.562
0.00015547 -2.00000 10.07918 0.8019823432 2.4194157348    0.743  2.430  3.6949  1.611    7  0.000  0.530     0.00     0.00     0.00     0.00     0.00 -1    -1e-30      0.00 7.549e-01 2.449e-01 2.752e-05 7.764e-06 6.924e-05 -1.000 1.524e-04 -1.305 0.266 -0.706 -1.311 -1.530 -1.636 -1.672
0.00015547 -2.00000 10.07918 0.8019928336 2.4194193827    0.743  2.471  3.6926  1.560    7  0.000  0.525     0.00     0.00     0.00     0.00     0.00 -1    -1e-30      0.00 7.549e-01 2.450e-01 2.730e-05 7.904e-06 6.924e-05 -1.000 1.364e-04 -1.407 0.199 -0.793 -1.410 -1.634 -1.743 -1.780
0.00015547 -2.00000 10.07918 0.8020023704 2.4194226988    0.743  2.511  3.6902  1.510    7  0.000  0.515     6.39     5.14     3.66     2.83     2.29  3    -1e-30      0.00 7.548e-01 2.450e-01 2.679e-05 8.400e-06 6.925e-05 -1.000 1.584e-04 -1.509 0.132 -0.881 -1.509 -1.737 -1.849 -1.887
0.00015547 -2.00000 10.07918 0.8020110130 2.4194257040    0.743  2.552  3.6879  1.460    7  0.000  0.500     7.11     5.63     3.99     3.09     2.50  3    -1e-30      0.00 7.547e-01 2.451e-01 2.606e-05 9.247e-06 6.926e-05 -1.000 1.636e-04 -1.610 0.069 -0.966 -1.607 -1.840 -1.955 -1.994
0.00015547 -2.00000 10.07918 0.8020190001 2.4194284811    0.743  2.593  3.6856  1.410    7  0.000  0.485     7.91     6.16     4.35     3.37     2.73  3    -1e-30      0.00 7.546e-01 2.452e-01 2.531e-05 1.017e-05 6.927e-05 -1.000 1.636e-04 -1.711 0.009 -1.051 -1.704 -1.943 -2.061 -2.102
0.00015547 -2.00000 10.07918 0.8020263910 2.4194310509    0.743  2.633  3.6832  1.361    7  0.000  0.472     8.79     6.74     4.74     3.68     2.98  3    -1e-30      0.00 7.544e-01 2.454e-01 2.464e-05 1.099e-05 6.928e-05 -1.000 1.518e-04 -1.813 -0.028 -1.131 -1.804 -2.047 -2.169 -2.211
0.00015547 -2.00000 10.07918 0.8020334244 2.4194334963    0.743  2.673  3.6808  1.311    7  0.000  0.461     9.77     7.38     5.16     4.02     3.25  3    -1e-30      0.00 7.543e-01 2.456e-01 2.406e-05 1.170e-05 6.928e-05 -1.000 1.449e-04 -1.913 -0.060 -1.210 -1.903 -2.152 -2.276 -2.320
0.00015547 -2.00000 10.07918 0.8020401001 2.4194358174    0.743  2.713  3.6785  1.262    7  0.000  0.451    10.85     8.06     5.62     4.38     3.54  3    -1e-30      0.00 7.540e-01 2.458e-01 2.355e-05 1.233e-05 6.929e-05 -1.000 1.637e-04 -2.013 -0.086 -1.286 -2.001 -2.255 -2.383 -2.428
0.00015547 -2.00000 10.07918 0.8020465374 2.4194380555    0.743  2.753  3.6761  1.212    7  0.000  0.443    12.05     8.81     6.12     4.77     3.86  2    -1e-30      0.00 7.539e-01 2.460e-01 2.312e-05 1.287e-05 6.928e-05 -1.000 1.637e-04 -2.113 -0.104 -1.359 -2.098 -2.358 -2.489 -2.535
0.00015547 -2.00000 10.07918 0.8020526171 2.4194401692    0.743  2.794  3.6737  1.162    7  0.000  0.435    13.41     9.65     6.67     5.21     4.22  2    -1e-30      0.00 7.536e-01 2.462e-01 2.273e-05 1.334e-05 6.926e-05 -1.000 1.637e-04 -2.214 -0.117 -1.432 -2.197 -2.464 -2.598 -2.646
0.00015547 -2.00000 10.07918 0.8020578623 2.4194419927    0.743  2.835  3.6712  1.111    7  0.000  0.429    14.95    10.58     7.29     5.70     4.62  2    -1e-30      0.00 7.534e-01 2.464e-01 2.240e-05 1.376e-05 6.922e-05 -1.000 1.637e-04 -2.317 -0.121 -1.502 -2.296 -2.570 -2.708 -2.757
0.00015547 -2.00000 10.07918 0.8020623326 2.4194435469    0.743  2.875  3.6688  1.061    7  0.000  0.424    16.64    11.59     7.95     6.23     5.04  2    -1e-30      0.00 7.532e-01 2.466e-01 2.212e-05 1.411e-05 6.915e-05 -1.000 1.636e-04 -2.418 -0.118 -1.568 -2.393 -2.674 -2.816 -2.867
0.00015547 -2.00000 10.07918 0.8020661473 2.4194448731    0.743  2.916  3.6662  1.009    7  0.000  0.420    18.56    12.72     8.68     6.81     5.52  2    -1e-30      0.00 7.530e-01 2.469e-01 2.187e-05 1.446e-05 6.904e-05 -1.000 1.556e-04 -2.521 -0.106 -1.631 -2.491 -2.780 -2.926 -2.978
0.00015547 -2.00000 10.07918 0.8020696044 2.4194460750    0.743  2.957  3.6637  0.959    7  0.000  0.417    20.67    13.94     9.48     7.44     6.03  2    -1e-30      0.00 7.528e-01 2.471e-01 2.167e-05 1.477e-05 6.890e-05 -1.000 1.390e-04 -2.621 -0.079 -1.687 -2.585 -2.884 -3.034 -3.088
0.00015547 -2.00000 10.07918 0.8020731211 2.4194472975    0.743  2.999  3.6609  0.906    7  0.000  0.415    23.15    15.35    10.39     8.17     6.62  1    -1e-30      0.00 7.525e-01 2.473e-01 2.150e-05 1.508e-05 6.873e-05 -1.000 1.636e-04 -2.728 -0.038 -1.739 -2.684 -2.993 -3.149 -3.205
0.00015547 -2.00000 10.07918 0.8020762801 2.4194483957    0.743  3.043  3.6581  0.851    7  0.000  0.414    26.02    16.95    11.42     9.00     7.30  1    -1e-30      0.00 7.523e-01 2.475e-01 2.136e-05 1.536e-05 6.856e-05 -1.000 1.636e-04 -2.837 0.014 -1.788 -2.783 -3.105 -3.266 -3.324
0.00015547 -2.00000 10.07918 0.8020777702 2.4194489138    0.743  3.066  3.6566  0.821    7  0.000  0.413    27.74    17.89    12.03     9.49     7.69  1    -1e-30      0.00 7.522e-01 2.477e-01 2.128e-05 1.556e-05 6.843e-05 -1.000 1.636e-04 -2.896 0.015 -1.821 -2.835 -3.163 -3.327 -3.387
0.00015547 -2.00000 10.07918 0.8020781875 2.4194490588    0.743  3.061  3.6569  0.828    7  0.000  0.413    27.32    17.67    11.88     9.37     7.60  1    -1e-30      0.00 7.521e-01 2.477e-01 2.125e-05 1.566e-05 6.836e-05 -1.000 1.636e-04 -2.882 0.016 -1.812 -2.822 -3.149 -3.312 -3.372
0.00015547 -2.00000 10.07918 0.8020783067 2.4194491003    0.743  3.060  3.6569  0.829    7  0.000  0.413    27.26    17.63    11.86     9.35     7.58  1    -1e-30      0.00 7.521e-01 2.477e-01 2.124e-05 1.567e-05 6.835e-05 -1.000 1.637e-04 -2.880 0.016 -1.811 -2.821 -3.147 -3.310 -3.370
0.00015547 -2.00000 10.07918 0.8020783663 2.4194491210    0.743  3.060  3.6569  0.828    7  0.000  0.413    27.28    17.64    11.87     9.36     7.59  1    -1e-30      0.00 7.521e-01 2.477e-01 2.124e-05 1.568e-05 6.835e-05 -1.000 1.636e-04 -2.880 0.017 -1.811 -2.821 -3.147 -3.311 -3.370
0.00015547 -2.00000 10.07918 0.8020784855 2.4194491624    0.743  3.067  3.6565  0.819    7  0.000  0.413    27.81    17.94    12.06     9.51     7.71  1    -1e-30      0.00 7.521e-01 2.477e-01 2.123e-05 1.570e-05 6.834e-05 -1.000 1.636e-04 -2.899 0.015 -1.822 -2.837 -3.165 -3.330 -3.390
0.00015547 -2.00000 10.07918 0.8020786047 2.4194492039    0.743  3.072  3.6562  0.813    7  0.000  0.413    28.17    18.13    12.18     9.61     7.79  1    -1e-30      0.00 7.521e-01 2.477e-01 2.123e-05 1.571e-05 6.833e-05 -1.000 1.636e-04 -2.911 0.015 -1.829 -2.848 -3.177 -3.342 -3.402
0.00015547 -2.00000 10.07918 0.8020787835 2.4194492660    0.743  3.081  3.6556  0.802    7  0.000  0.412    28.87    18.51    12.43     9.80     7.95  1    -1e-30      0.00 7.521e-01 2.478e-01 2.122e-05 1.573e-05 6.832e-05 -1.000 1.636e-04 -2.934 0.014 -1.842 -2.868 -3.200 -3.366 -3.426
0.00015547 -2.00000 10.07918 0.8020789623 2.4194493282    0.743  3.101  3.6543  0.777    7  0.000  0.412    30.41    19.35    12.96    10.23     8.30  1    -1e-30      0.00 7.520e-01 2.479e-01 2.117e-05 1.589e-05 6.820e-05 -1.000 1.637e-04 -2.982 0.013 -1.869 -2.911 -3.247 -3.416 -3.478
0.00015547 -2.00000 10.07918 0.8020793200 2.4194494525    0.743  3.148  3.6510  0.717    7  0.000  0.411    34.57    21.58    14.38    11.37     9.23  1    -1e-30      0.00 7.517e-01 2.481e-01 2.103e-05 1.630e-05 6.790e-05 -1.000 1.636e-04 -3.100 0.017 -1.931 -3.014 -3.363 -3.538 -3.602
0.00015547 -2.00000 10.07918 0.8020799160 2.4194496597    0.743  3.212  3.6465  0.635    7  0.523  0.410    41.21    25.05    16.59    13.14    10.67  1    -1e-30      0.00 7.512e-01 2.487e-01 2.077e-05 1.715e-05 6.730e-05 -1.000 1.637e-04 -3.260 0.027 -2.012 -3.151 -3.517 -3.702 -3.770
0.00015547 -2.00000 10.07918 0.8020802140 2.4194497633    0.743  3.225  3.6424  0.606    8  0.521  0.424    43.81    26.39    17.43    13.82    11.22  1 -3.77e-07      0.00 7.511e-01 2.488e-01 2.167e-05 1.739e-05 6.785e-05 -1.000 1.603e-04 -3.291 0.115 -1.983 -3.160 -3.540 -3.733 -3.804
0.00015547 -2.00000 10.07918 0.8020802736 2.4194497841    0.741  3.003  3.6576  0.887    8  0.521  0.426    24.05    15.85    10.71     8.43     6.83  1 -1.58e-07      0.00 7.511e-01 2.488e-01 2.167e-05 1.739e-05 6.785e-05 -1.000 1.603e-04 -2.737 0.103 -1.690 -2.681 -3.002 -3.164 -3.223
0.00015547 -2.00000 10.07918 0.8020803928 2.4194498255    0.739  2.847  3.6682  1.084    8  0.521  0.426    15.82    11.10     7.62     5.97     4.84  2 -9.14e-08      0.00 7.511e-01 2.488e-01 2.167e-05 1.739e-05 6.785e-05 -1.000 1.603e-04 -2.348 -0.034 -1.492 -2.322 -2.604 -2.746 -2.797
0.00015547 -2.00000 10.07918 0.8020806313 2.4194499084    0.733  2.635  3.6826  1.351    8  0.521  0.426     8.94     6.84     4.80     3.73     3.02  3 -4.67e-08      0.00 7.511e-01 2.488e-01 2.167e-05 1.739e-05 6.785e-05 -1.000 1.603e-04 -1.817 -0.015 -1.130 -1.808 -2.053 -2.175 -2.217
0.00015547 -2.00000 10.07918 0.8020809293 2.4194500120    0.726  2.640  3.6820  1.339    8  0.521  0.426     9.14     6.97     4.88     3.80     3.07  3 -4.79e-08      0.00 7.511e-01 2.488e-01 2.167e-05 1.739e-05 6.785e-05 -1.000 1.603e-04 -1.830 -0.013 -1.139 -1.821 -2.067 -2.190 -2.232
0.00015547 -2.00000 10.07918 0.8020813465 2.4194501570    0.718  2.723  3.6761  1.227    8  0.521  0.426    11.55     8.50     5.91     4.61     3.73  2 -6.27e-08      0.00 7.511e-01 2.488e-01 2.167e-05 1.739e-05 6.785e-05 -1.000 1.603e-04 -2.037 -0.032 -1.285 -2.023 -2.283 -2.414 -2.460
0.00015547 -2.00000 10.07918 0.8020818233 2.4194503228    0.707  2.910  3.6631  0.982    8  0.522  0.426    19.42    13.20     8.98     7.06     5.72  2 -1.19e-07      0.00 7.511e-01 2.488e-01 2.167e-05 1.739e-05 6.785e-05 -1.000 1.603e-04 -2.504 0.049 -1.565 -2.466 -2.766 -2.917 -2.971
0.00015547 -2.00000 10.07918 0.8020823598 2.4194505093    0.695  3.078  3.6512  0.759    8  0.522  0.426    31.17    19.68    13.15    10.41     8.44  1 -2.28e-07      0.00 7.511e-01 2.488e-01 2.167e-05 1.739e-05 6.785e-05 -1.000 1.602e-04 -2.925 0.159 -1.769 -2.840 -3.187 -3.361 -3.425
0.00015547 -2.00000 10.07918 0.8020830154 2.4194507372    0.681  3.191  3.6431  0.605    8  0.522  0.426    43.09    25.83    17.05    13.56    11.00  1  -3.7e-07      0.00 7.511e-01 2.488e-01 2.167e-05 1.739e-05 6.785e-05 -1.000 1.602e-04 -3.206 0.182 -1.908 -3.079 -3.457 -3.648 -3.719
0.00015547 -2.00000 10.07918 0.8020837307 2.4194509859    0.666  3.252  3.6385  0.515    8  0.523  0.426    52.02    30.22    19.80    15.79    12.81  1 -4.97e-07      0.00 7.511e-01 2.488e-01 2.167e-05 1.739e-05 6.785e-05 -1.000 1.602e-04 -3.361 0.208 -1.970 -3.205 -3.604 -3.805 -3.880
0.00015547 -2.00000 10.07918 0.8020845056 2.4194512552    0.650  3.283  3.6360  0.464    8  0.523  0.426    57.83    32.96    21.49    17.18    13.94  1 -5.89e-07      0.00 7.511e-01 2.488e-01 2.167e-05 1.739e-05 6.785e-05 -1.000 1.602e-04 -3.437 0.231 -1.991 -3.264 -3.675 -3.882 -3.960
0.00015547 -2.00000 10.07918 0.8020853996 2.4194515660    0.632  3.301  3.6343  0.427    8  0.524  0.426    62.22    34.95    22.72    18.20    14.76  1 -6.65e-07      0.00 7.511e-01 2.488e-01 2.167e-05 1.739e-05 6.785e-05 -1.000 1.602e-04 -3.482 0.254 -1.995 -3.295 -3.715 -3.928 -4.007
0.00015547 -2.00000 10.07918 0.8020895123 2.4194529958    0.526 -9.999  4.0000  1.883    9  0.526  0.000     0.00     0.00     0.00     0.00     0.00 -1    -1e-30      0.00 7.511e-01 2.488e-01 2.167e-05 1.739e-05 6.785e-05 -1.000 1.602e-04 29.767 30.110 29.972 30.250 30.478 30.557 30.646
#isochrone terminated
