# File generated by CMD 3.7 (http://stev.oapd.inaf.it/cmd) on Thu Feb  1 19:53:53 UTC 2024
# isochrones based on PARSEC release v1.2S +  COLIBRI S_37 + S_35 + PR16
# Basic references: Bressan et al. (2012), MNRAS, 427, 127 + Chen et al. (2014, 2015), MNRAS, 444, 2525 + MNRAS, 452, 1068 + Tang et al. (2014), MNRAS, 445, 4287 + Marigo et al. (2017), ApJ, 835, 77 + Pastorelli al. (2019), MNRAS, 485, 5666 + Pastorelli al. (2020), MNRAS, in press
# Thermal pulse cycles included 
# On RGB, assumed Reimers mass loss with efficiency eta=0.2
# LPV periods and growth rates added cf. Trabucchi et al. (2019)
# but fundamental-mode LPV periods are from Trabucchi et al. (2021)
# Photometric system: DECAM (ABmags)
# Using YBC version of bolometric corrections as in Chen et al. (2019)
# O-rich circumstellar dpmod60alox40 dust from Groenewegen (2006)
# C-rich circumstellar AMCSIC15 dust from Groenewegen (2006)
# IMF: Kroupa (2001, 2002) + Kroupa et al. (2013) canonical two-part-power law IMF corrected for unresolved binaries 
# Kind of output: isochrone tables
# Zini     MH   logAge Mini        int_IMF         Mass   logL    logTe  logg  label   McoreTP C_O  period0  period1  period2  period3  period4  pmode  Mloss  tau1m   X   Y   Xc  Xn  Xo  Cexcess  Z 	 mbolmag  umag    gmag    rmag    imag    zmag    Ymag
0.0001957 -1.90000 10.07918 0.0903137699 1.0846885349    0.090 -3.188  3.4901  5.494    1  0.000  0.545     0.00     0.00     0.00     0.00     0.00 -1 -4.87e-17      0.00 7.483e-01 2.515e-01 3.540e-05 9.550e-06 8.661e-05 -1.000 1.968e-04 12.739 17.809 15.774 13.861 12.485 12.038 11.938
0.0001957 -1.90000 10.07918 0.0966959074 1.1428980231    0.097 -2.943  3.5260  5.422    1  0.000  0.545     0.00     0.00     0.00     0.00     0.00 -1 -8.97e-17      0.00 7.466e-01 2.532e-01 3.540e-05 9.550e-06 8.662e-05 -1.000 1.968e-04 12.127 16.905 14.585 12.839 11.882 11.520 11.415
0.0001957 -1.90000 10.07918 0.1003081575 1.1736753977    0.100 -2.812  3.5453  5.384    1  0.000  0.545     0.00     0.00     0.00     0.00     0.00 -1 -1.24e-16      0.00 7.456e-01 2.542e-01 3.540e-05 9.550e-06 8.662e-05 -1.000 1.968e-04 11.800 16.259 13.959 12.326 11.556 11.232 11.130
0.0001957 -1.90000 10.07918 0.1202969477 1.3212693602    0.120 -2.519  3.5758  5.292    1  0.000  0.545     0.00     0.00     0.00     0.00     0.00 -1 -2.48e-16      0.00 7.423e-01 2.575e-01 3.540e-05 9.550e-06 8.662e-05 -1.000 1.969e-04 11.067 14.879 12.791 11.372 10.822 10.550 10.456
0.0001957 -1.90000 10.07918 0.1402857602 1.4399919546    0.140 -2.335  3.5904  5.233    1  0.000  0.545     0.00     0.00     0.00     0.00     0.00 -1 -3.75e-16      0.00 7.401e-01 2.597e-01 3.540e-05 9.551e-06 8.662e-05 -1.000 1.969e-04 10.607 14.090 12.146 10.845 10.360 10.110 10.023
0.0001957 -1.90000 10.07918 0.1602745354 1.5385365924    0.160 -2.191  3.5999  5.185    1  0.000  0.545     0.00     0.00     0.00     0.00     0.00 -1 -5.17e-16      0.00 7.387e-01 2.611e-01 3.540e-05 9.551e-06 8.662e-05 -1.000 1.968e-04 10.247 13.532 11.675 10.450 9.997 9.762 9.679
0.0001957 -1.90000 10.07918 0.2002521455 1.6947337812    0.200 -1.971  3.6120  5.110    1  0.000  0.545     0.00     0.00     0.00     0.00     0.00 -1 -8.36e-16      0.00 7.379e-01 2.619e-01 3.540e-05 9.551e-06 8.662e-05 -1.000 1.969e-04 9.698 12.741 10.993 9.860 9.443 9.225 9.149
0.0001957 -1.90000 10.07918 0.2502241135 1.8408943289    0.250 -1.770  3.6229  5.050    1  0.000  0.545     0.00     0.00     0.00     0.00     0.00 -1 -1.27e-15      0.00 7.382e-01 2.616e-01 3.540e-05 9.551e-06 8.662e-05 -1.000 1.968e-04 9.196 12.037 10.379 9.324 8.936 8.735 8.665
0.0001957 -1.90000 10.07918 0.3001961410 1.9533065853    0.300 -1.616  3.6320  5.011    1  0.000  0.545     0.00     0.00     0.00     0.00     0.00 -1 -1.73e-15      0.00 7.382e-01 2.616e-01 3.539e-05 9.552e-06 8.662e-05 -1.000 1.969e-04 8.810 11.491 9.905 8.911 8.547 8.359 8.294
0.0001957 -1.90000 10.07918 0.3501680791 2.0436928651    0.350 -1.489  3.6403  4.985    1  0.000  0.544     0.00     0.00     0.00     0.00     0.00 -1 -2.22e-15      0.00 7.380e-01 2.618e-01 3.536e-05 9.553e-06 8.662e-05 -1.000 1.969e-04 8.493 11.037 9.511 8.571 8.227 8.051 7.990
0.0001957 -1.90000 10.07918 0.4001400769 2.1186953837    0.400 -1.362  3.6495  4.952    1  0.000  0.545     0.00     0.00     0.00     0.00     0.00 -1 -2.88e-15      0.00 7.503e-01 2.495e-01 3.540e-05 9.550e-06 8.661e-05 -1.000 1.968e-04 8.176 10.573 9.115 8.229 7.907 7.744 7.688
0.0001957 -1.90000 10.07918 0.4501120746 2.1824133859    0.450 -1.206  3.6649  4.908    1  0.000  0.545     0.00     0.00     0.00     0.00     0.00 -1  -4.1e-15      0.00 7.507e-01 2.491e-01 3.540e-05 9.550e-06 8.661e-05 -1.000 1.968e-04 7.784 9.938 8.602 7.801 7.514 7.372 7.324
0.0001957 -1.90000 10.07918 0.5000840425 2.2375407721    0.500 -1.031  3.6833  4.853    1  0.000  0.545     0.00     0.00     0.00     0.00     0.00 -1  -6.2e-15      0.00 7.508e-01 2.490e-01 3.539e-05 9.549e-06 8.660e-05 -1.000 1.969e-04 7.346 9.217 8.036 7.330 7.080 6.963 6.925
0.0001957 -1.90000 10.07918 0.5500560999 2.2837046950    0.550 -0.824  3.7040  4.770    1  0.000  0.544     0.00     0.00     0.00     0.00     0.00 -1 -1.05e-14      0.00 7.847e-01 2.152e-01 3.087e-05 8.335e-06 7.563e-05 -1.000 1.000e-04 6.831 8.413 7.402 6.790 6.577 6.485 6.458
0.0001957 -1.90000 10.07918 0.6000280380 2.3211403119    0.600 -0.615  3.7295  4.701    1  0.000  0.544     0.00     0.00     0.00     0.00     0.00 -1 -1.75e-14      0.00 7.972e-01 2.027e-01 2.928e-05 7.910e-06 7.181e-05 -1.000 1.442e-04 6.307 7.588 6.763 6.253 6.085 6.022 6.007
0.0001957 -1.90000 10.07918 0.6076001525 2.3261984539    0.607 -0.581  3.7340  4.691    1  0.000  0.544     0.00     0.00     0.00     0.00     0.00 -1  -1.9e-14      0.00 7.995e-01 2.003e-01 2.898e-05 7.832e-06 7.111e-05 -1.000 1.557e-04 6.223 7.460 6.663 6.170 6.008 5.950 5.938
0.0001957 -1.90000 10.07918 0.6187329292 2.3333771912    0.618 -0.532  3.7406  4.676    1  0.000  0.543     0.00     0.00     0.00     0.00     0.00 -1 -2.15e-14      0.00 8.030e-01 1.968e-01 2.854e-05 7.712e-06 7.002e-05 -1.000 1.799e-04 6.100 7.273 6.515 6.046 5.895 5.845 5.835
0.0001957 -1.90000 10.07918 0.6286483407 2.3395253625    0.628 -0.487  3.7465  4.661    1  0.000  0.543     0.00     0.00     0.00     0.00     0.00 -1 -2.41e-14      0.00 8.064e-01 1.935e-01 2.812e-05 7.599e-06 6.902e-05 -1.000 1.866e-04 5.989 7.111 6.385 5.938 5.797 5.752 5.745
0.0001957 -1.90000 10.07918 0.6382709742 2.3452824356    0.638 -0.444  3.7521  4.647    1  0.000  0.543     0.00     0.00     0.00     0.00     0.00 -1 -2.64e-16      0.00 8.097e-01 1.901e-01 2.769e-05 7.485e-06 6.800e-05 -1.000 1.811e-04 5.880 6.955 6.259 5.833 5.701 5.662 5.657
0.0001957 -1.90000 10.07918 0.6496037245 2.3518117453    0.649 -0.392  3.7585  4.629    1  0.000  0.543     0.00     0.00     0.00     0.00     0.00 -1  -2.3e-14      0.00 8.139e-01 1.859e-01 2.716e-05 7.344e-06 6.673e-05 -1.000 1.393e-04 5.750 6.772 6.109 5.708 5.587 5.555 5.553
0.0001957 -1.90000 10.07918 0.6499999762 2.3520353107    0.650 -0.390  3.7587  4.628    1  0.000  0.543     0.00     0.00     0.00     0.00     0.00 -1 -3.07e-14      0.00 8.141e-01 1.857e-01 2.714e-05 7.339e-06 6.669e-05 -1.000 1.852e-04 5.745 6.765 6.104 5.703 5.583 5.551 5.549
0.0001957 -1.90000 10.07918 0.6590241194 2.3570431597    0.659 -0.348  3.7636  4.611    1  0.000  0.542     0.00     0.00     0.00     0.00     0.00 -1 -3.43e-14      0.00 8.183e-01 1.815e-01 2.661e-05 7.196e-06 6.540e-05 -1.000 1.968e-04 5.640 6.625 5.986 5.603 5.490 5.464 5.464
0.0001957 -1.90000 10.07918 0.6692176461 2.3625135477    0.669 -0.300  3.7691  4.591    1  0.000  0.542     0.00     0.00     0.00     0.00     0.00 -1 -3.89e-14      0.00 8.234e-01 1.764e-01 2.596e-05 7.025e-06 6.387e-05 -1.000 1.779e-04 5.519 6.467 5.851 5.488 5.384 5.363 5.365
0.0001957 -1.90000 10.07918 0.6789147854 2.3675425969    0.679 -0.253  3.7742  4.571    1  0.000  0.542     0.00     0.00     0.00     0.00     0.00 -1 -2.75e-14      0.00 8.286e-01 1.713e-01 2.531e-05 6.852e-06 6.231e-05 -1.000 1.545e-04 5.402 6.318 5.722 5.377 5.280 5.264 5.268
0.0001957 -1.90000 10.07918 0.6881726384 2.3721920591    0.688 -0.207  3.7790  4.550    1  0.000  0.541     0.00     0.00     0.00     0.00     0.00 -1 -8.08e-15      0.00 8.338e-01 1.660e-01 2.465e-05 6.676e-06 6.073e-05 -1.000 1.218e-04 5.287 6.174 5.596 5.268 5.178 5.166 5.172
0.0001957 -1.90000 10.07918 0.6963887811 2.3761995072    0.696 -0.164  3.7831  4.529    1  0.000  0.541     0.00     0.00     0.00     0.00     0.00 -1 -7.16e-15      0.00 8.387e-01 1.611e-01 2.403e-05 6.511e-06 5.925e-05 -1.000 1.617e-04 5.181 6.045 5.480 5.167 5.084 5.077 5.084
0.0001957 -1.90000 10.07918 0.6999999881 2.3779266974    0.700 -0.145  3.7850  4.520    1  0.000  0.541     0.00     0.00     0.00     0.00     0.00 -1 -5.88e-14      0.00 8.409e-01 1.589e-01 2.375e-05 6.435e-06 5.858e-05 -1.000 1.937e-04 5.134 5.989 5.429 5.122 5.043 5.037 5.044
0.0001957 -1.90000 10.07918 0.7092600465 2.3822633691    0.709 -0.095  3.7894  4.493    1  0.000  0.538     0.00     0.00     0.00     0.00     0.00 -1 -6.77e-14      0.00 8.463e-01 1.535e-01 2.307e-05 6.271e-06 5.713e-05 -1.000 1.757e-04 5.007 5.839 5.292 5.001 4.929 4.927 4.936
0.0001957 -1.90000 10.07918 0.7177237868 2.3861147507    0.717 -0.046  3.7934  4.465    1  0.000  0.537     0.00     0.00     0.00     0.00     0.00 -1 -7.77e-14      0.00 8.510e-01 1.489e-01 2.251e-05 6.136e-06 5.593e-05 -1.000 1.607e-04 4.885 5.699 5.161 4.884 4.818 4.821 4.831
0.0001957 -1.90000 10.07918 0.7260814905 2.3898167322    0.726  0.005  3.7973  4.435    1  0.000  0.535     0.00     0.00     0.00     0.00     0.00 -1 -8.99e-14      0.00 8.551e-01 1.448e-01 2.203e-05 6.021e-06 5.493e-05 -1.000 9.798e-05 4.758 5.554 5.024 4.762 4.702 4.708 4.720
0.0001957 -1.90000 10.07918 0.7332602143 2.3929191349    0.733  0.051  3.8005  4.406    1  0.000  0.533     0.00     0.00     0.00     0.00     0.00 -1 -1.03e-13      0.00 8.582e-01 1.417e-01 2.169e-05 5.941e-06 5.425e-05 -1.000 9.836e-05 4.643 5.424 4.901 4.650 4.595 4.605 4.617
0.0001957 -1.90000 10.07918 0.7402154207 2.3958590323    0.740  0.099  3.8035  4.375    1  0.000  0.532     0.00     0.00     0.00     0.00     0.00 -1 -1.17e-13      0.00 8.609e-01 1.390e-01 2.140e-05 5.876e-06 5.369e-05 -1.000 1.545e-04 4.524 5.293 4.774 4.534 4.484 4.496 4.510
0.0001957 -1.90000 10.07918 0.7471714616 2.3987364159    0.747  0.150  3.8064  4.339    1  0.000  0.530     0.00     0.00     0.00     0.00     0.00 -1 -1.62e-14      0.00 8.633e-01 1.365e-01 2.115e-05 5.820e-06 5.321e-05 -1.000 1.790e-04 4.396 5.153 4.638 4.408 4.364 4.379 4.393
0.0001957 -1.90000 10.07918 0.7500000000 2.3998889087    0.749  0.171  3.8075  4.324    1  0.000  0.529     0.00     0.00     0.00     0.00     0.00 -1 -1.47e-13      0.00 8.643e-01 1.355e-01 2.106e-05 5.799e-06 5.303e-05 -1.000 1.925e-04 4.342 5.095 4.581 4.356 4.313 4.329 4.344
0.0001957 -1.90000 10.07918 0.7514088154 2.4004592117    0.751  0.182  3.8082  4.316    1  0.000  0.529     0.00     0.00     0.00     0.00     0.00 -1 -1.52e-13      0.00 8.644e-01 1.354e-01 2.107e-05 5.801e-06 5.305e-05 -1.000 1.940e-04 4.316 5.066 4.553 4.330 4.288 4.305 4.320
0.0001957 -1.90000 10.07918 0.7594606876 2.4036720524    0.759  0.249  3.8114  4.267    1  0.000  0.529     0.00     0.00     0.00     0.00     0.00 -1 -1.87e-13      0.00 8.651e-01 1.348e-01 2.110e-05 5.815e-06 5.320e-05 -1.000 9.698e-05 4.147 4.884 4.374 4.163 4.127 4.147 4.163
0.0001957 -1.90000 10.07918 0.7648025155 2.4057606628    0.764  0.298  3.8133  4.229    1  0.000  0.529     0.00     0.00     0.00     0.00     0.00 -1 -2.17e-13      0.00 8.654e-01 1.345e-01 2.114e-05 5.826e-06 5.332e-05 -1.000 9.973e-05 4.026 4.756 4.247 4.042 4.010 4.032 4.048
0.0001957 -1.90000 10.07918 0.7698664069 2.4077098577    0.769  0.346  3.8147  4.188    1  0.000  0.529     0.00     0.00     0.00     0.00     0.00 -1 -2.54e-13      0.00 8.646e-01 1.353e-01 2.130e-05 5.873e-06 5.374e-05 -1.000 1.000e-04 3.904 4.629 4.120 3.921 3.891 3.914 3.931
0.0001957 -1.90000 10.07918 0.7740057707 2.4092814148    0.773  0.389  3.8154  4.150    1  0.000  0.528     0.00     0.00     0.00     0.00     0.00 -1 -2.93e-13      0.00 8.636e-01 1.363e-01 2.148e-05 5.922e-06 5.420e-05 -1.000 9.993e-05 3.797 4.519 4.009 3.814 3.785 3.809 3.826
0.0001957 -1.90000 10.07918 0.7756521702 2.4099011300    0.775  0.408  3.8151  4.131    1  0.000  0.528     0.00     0.00     0.00     0.00     0.00 -1 -3.13e-13      0.00 8.632e-01 1.367e-01 2.155e-05 5.942e-06 5.438e-05 -1.000 9.996e-05 3.750 4.471 3.961 3.765 3.737 3.760 3.777
0.0001957 -1.90000 10.07918 0.7801245451 2.4115693861    0.779  0.464  3.8134  4.071    1  0.000  0.528     0.00     0.00     0.00     0.00     0.00 -1 -3.78e-13      0.00 8.621e-01 1.378e-01 2.175e-05 5.995e-06 5.487e-05 -1.000 1.001e-04 3.610 4.336 3.823 3.624 3.593 3.615 3.631
0.0001957 -1.90000 10.07918 0.7832530737 2.4127233550    0.782  0.508  3.8108  4.018    1  0.000  0.528     0.00     0.00     0.00     0.00     0.00 -1 -4.44e-13      0.00 8.613e-01 1.386e-01 2.188e-05 6.032e-06 5.521e-05 -1.000 9.999e-05 3.501 4.233 3.717 3.511 3.476 3.495 3.511
0.0001957 -1.90000 10.07918 0.7839201093 2.4129680239    0.783  0.518  3.8099  4.005    1  0.000  0.528     0.00     0.00     0.00     0.00     0.00 -1 -4.63e-13      0.00 8.611e-01 1.388e-01 2.191e-05 6.040e-06 5.528e-05 -1.000 9.999e-05 3.475 4.210 3.693 3.484 3.448 3.467 3.482
0.0001957 -1.90000 10.07918 0.7845472097 2.4131976083    0.783  0.528  3.8089  3.991    2  0.000  0.528     0.00     0.00     0.00     0.00     0.00 -1 -4.83e-13      0.00 8.610e-01 1.389e-01 2.194e-05 6.047e-06 5.535e-05 -1.000 9.996e-05 3.449 4.188 3.669 3.457 3.420 3.437 3.452
0.0001957 -1.90000 10.07918 0.7866582870 2.4139673906    0.785  0.567  3.8038  3.933    2  0.000  0.528     0.00     0.00     0.00     0.00     0.00 -1 -5.61e-13      0.00 8.605e-01 1.394e-01 2.203e-05 6.072e-06 5.558e-05 -1.000 9.996e-05 3.352 4.108 3.582 3.355 3.310 3.323 3.336
0.0001957 -1.90000 10.07918 0.7882757783 2.4145539848    0.787  0.602  3.7974  3.873    2  0.000  0.528     0.00     0.00     0.00     0.00     0.00 -1  -6.5e-13      0.00 8.601e-01 1.398e-01 2.210e-05 6.091e-06 5.575e-05 -1.000 9.991e-05 3.265 4.045 3.509 3.262 3.207 3.214 3.224
0.0001957 -1.90000 10.07918 0.7895438671 2.4150119335    0.788  0.634  3.7898  3.812    2  0.000  0.528     0.00     0.00     0.00     0.00     0.00 -1  -7.5e-13      0.00 8.595e-01 1.404e-01 2.219e-05 6.116e-06 5.598e-05 -1.000 1.105e-04 3.186 3.997 3.448 3.176 3.110 3.109 3.117
0.0001957 -1.90000 10.07918 0.7905670404 2.4153802039    0.789  0.662  3.7814  3.750    2  0.000  0.529     0.00     0.00     0.00     0.00     0.00 -1  -8.6e-13      0.00 8.555e-01 1.444e-01 2.272e-05 6.260e-06 5.728e-05 -1.000 1.162e-04 3.114 3.965 3.397 3.098 3.019 3.009 3.014
0.0001957 -1.90000 10.07918 0.7914259434 2.4156885031    0.790  0.689  3.7730  3.691    2  0.000  0.530     0.00     0.00     0.00     0.00     0.00 -1 -9.78e-13      0.00 8.390e-01 1.609e-01 2.471e-05 6.799e-06 6.214e-05 -1.000 1.211e-04 3.048 3.943 3.353 3.026 2.934 2.916 2.918
0.0001957 -1.90000 10.07918 0.7921841145 2.4159600064    0.791  0.715  3.7652  3.633    2  0.000  0.533     0.00     0.00     0.00     0.00     0.00 -1 -1.11e-12      0.00 8.105e-01 1.893e-01 2.797e-05 7.674e-06 6.996e-05 -1.000 1.534e-04 2.981 3.921 3.308 2.955 2.851 2.825 2.824
0.0001957 -1.90000 10.07918 0.7928569913 2.4162004655    0.791  0.745  3.7581  3.576    2  0.000  0.535     0.00     0.00     0.00     0.00     0.00 -1 -1.27e-12      0.00 7.918e-01 2.080e-01 3.010e-05 8.244e-06 7.505e-05 -1.000 1.310e-04 2.908 3.892 3.255 2.878 2.762 2.730 2.726
0.0001957 -1.90000 10.07918 0.7935236692 2.4164382469    0.792  0.783  3.7517  3.512    2  0.000  0.536     0.00     0.00     0.00     0.00     0.00 -1 -1.49e-12      0.00 7.806e-01 2.192e-01 3.139e-05 8.587e-06 7.811e-05 -1.000 1.829e-04 2.812 3.839 3.179 2.780 2.654 2.615 2.609
0.0001957 -1.90000 10.07918 0.7940500975 2.4166256815    0.792  0.821  3.7475  3.457    2  0.000  0.536     0.00     0.00     0.00     0.00     0.00 -1 -1.73e-12      0.00 7.752e-01 2.246e-01 3.201e-05 8.754e-06 7.960e-05 -1.000 1.968e-04 2.717 3.773 3.098 2.684 2.551 2.507 2.499
0.0001957 -1.90000 10.07918 0.7944099903 2.4167536569    0.793  0.851  3.7449  3.418    2  0.000  0.536     0.00     0.00     0.00     0.00     0.00 -1 -1.94e-12      0.00 7.723e-01 2.275e-01 3.232e-05 8.839e-06 8.036e-05 -1.000 1.969e-04 2.643 3.719 3.033 2.610 2.473 2.427 2.418
0.0001957 -1.90000 10.07918 0.7947247624 2.4168654784    0.793  0.880  3.7432  3.382    3  0.000  0.536     0.00     0.00     0.00     0.00     0.00 -1 -2.17e-12      0.00 7.705e-01 2.293e-01 3.252e-05 8.890e-06 8.082e-05 -1.000 1.678e-04 2.569 3.658 2.965 2.536 2.397 2.348 2.338
0.0001957 -1.90000 10.07918 0.7951374054 2.4170119139    0.793  0.921  3.7411  3.333    3  0.000  0.537     0.00     0.00     0.00     0.00     0.00 -1 -2.51e-12      0.00 7.683e-01 2.315e-01 3.274e-05 8.949e-06 8.135e-05 -1.000 1.852e-04 2.467 3.571 2.869 2.434 2.291 2.240 2.229
0.0001957 -1.90000 10.07918 0.7955531478 2.4171592727    0.794  0.965  3.7391  3.281    3  0.000  0.537     0.00     0.00     0.00     0.00     0.00 -1 -2.94e-12      0.00 7.663e-01 2.335e-01 3.292e-05 8.998e-06 8.178e-05 -1.000 1.949e-04 2.358 3.476 2.767 2.325 2.179 2.126 2.114
0.0001957 -1.90000 10.07918 0.7959513664 2.4173002542    0.794  1.009  3.7374  3.230    3  0.000  0.537     0.00     0.00     0.00     0.00     0.00 -1 -3.46e-12      0.00 7.646e-01 2.352e-01 3.306e-05 9.036e-06 8.213e-05 -1.000 1.967e-04 2.246 3.378 2.661 2.214 2.065 2.010 1.998
0.0001957 -1.90000 10.07918 0.7963746786 2.4174499418    0.794  1.060  3.7357  3.172    3  0.000  0.537     0.00     0.00     0.00     0.00     0.00 -1 -4.16e-12      0.00 7.628e-01 2.370e-01 3.319e-05 9.072e-06 8.244e-05 -1.000 1.969e-04 2.120 3.265 2.540 2.088 1.936 1.879 1.866
0.0001957 -1.90000 10.07918 0.7967298627 2.4175753975    0.794  1.106  3.7342  3.121    3  0.000  0.537     0.00     0.00     0.00     0.00     0.00 -1  -4.9e-12      0.00 7.613e-01 2.385e-01 3.329e-05 9.099e-06 8.268e-05 -1.000 1.968e-04 2.005 3.162 2.431 1.974 1.821 1.762 1.747
0.0001957 -1.90000 10.07918 0.7970892191 2.4177021961    0.795  1.156  3.7326  3.065    3  0.000  0.537     0.00     0.00     0.00     0.00     0.00 -1 -5.85e-12      0.00 7.599e-01 2.399e-01 3.336e-05 9.123e-06 8.288e-05 -1.000 1.954e-04 1.881 3.049 2.312 1.850 1.695 1.634 1.619
0.0001957 -1.90000 10.07918 0.7974418402 2.4178264904    0.795  1.209  3.7310  3.006    3  0.000  0.536     0.00     0.00     0.00     0.00     0.00 -1 -7.08e-12      0.00 7.585e-01 2.413e-01 3.341e-05 9.147e-06 8.306e-05 -1.000 1.957e-04 1.748 2.929 2.186 1.719 1.560 1.498 1.482
0.0001957 -1.90000 10.07918 0.7977264524 2.4179267203    0.795  1.256  3.7296  2.953    3  0.000  0.536     0.00     0.00     0.00     0.00     0.00 -1 -8.38e-12      0.00 7.574e-01 2.424e-01 3.344e-05 9.167e-06 8.319e-05 -1.000 1.967e-04 1.631 2.823 2.073 1.602 1.441 1.377 1.360
0.0001957 -1.90000 10.07918 0.7980009913 2.4180233249    0.795  1.305  3.7281  2.898    3  0.000  0.535     0.00     0.00     0.00     0.00     0.00 -1    -1e-11      0.00 7.563e-01 2.435e-01 3.344e-05 9.190e-06 8.330e-05 -1.000 1.969e-04 1.508 2.713 1.955 1.480 1.317 1.251 1.233
0.0001957 -1.90000 10.07918 0.7982476354 2.4181100486    0.795  1.353  3.7266  2.844    3  0.000  0.534     0.00     0.00     0.00     0.00     0.00 -1 -1.19e-11      0.00 7.555e-01 2.443e-01 3.341e-05 9.217e-06 8.338e-05 -1.000 1.965e-04 1.388 2.605 1.841 1.360 1.195 1.128 1.109
0.0001957 -1.90000 10.07918 0.7984710932 2.4181885666    0.795  1.400  3.7251  2.791    3  0.000  0.533     0.00     0.00     0.00     0.00     0.00 -1 -1.41e-11      0.00 7.547e-01 2.451e-01 3.337e-05 9.252e-06 8.345e-05 -1.000 1.952e-04 1.269 2.499 1.728 1.243 1.075 1.006 0.987
0.0001957 -1.90000 10.07918 0.7986710072 2.4182587689    0.795  1.447  3.7236  2.738    3  0.000  0.532     0.00     0.00     0.00     0.00     0.00 -1 -1.67e-11      0.00 7.541e-01 2.457e-01 3.333e-05 9.288e-06 8.350e-05 -1.000 1.961e-04 1.153 2.395 1.617 1.127 0.958 0.887 0.866
0.0001957 -1.90000 10.07918 0.7988603115 2.4183252083    0.795  1.495  3.7221  2.684    3  0.000  0.531     0.00     0.00     0.00     0.00     0.00 -1 -1.98e-11      0.00 7.536e-01 2.462e-01 3.328e-05 9.330e-06 8.354e-05 -1.000 1.969e-04 1.033 2.288 1.503 1.008 0.836 0.763 0.742
0.0001957 -1.90000 10.07918 0.7990283370 2.4183841493    0.795  1.541  3.7205  2.631    3  0.000  0.530     0.00     0.00     0.00     0.00     0.00 -1 -2.35e-11      0.00 7.532e-01 2.466e-01 3.324e-05 9.369e-06 8.357e-05 -1.000 1.969e-04 0.916 2.184 1.392 0.892 0.718 0.643 0.621
0.0001957 -1.90000 10.07918 0.7991777062 2.4184365219    0.795  1.587  3.7189  2.579    3  0.000  0.530     0.00     0.00     0.00     0.00     0.00 -1 -2.76e-11      0.00 7.529e-01 2.469e-01 3.320e-05 9.398e-06 8.359e-05 -1.000 1.968e-04 0.803 2.084 1.285 0.780 0.603 0.526 0.504
0.0001957 -1.90000 10.07918 0.7993130088 2.4184839430    0.795  1.632  3.7174  2.529    3  0.000  0.529     0.00     0.00     0.00     0.00     0.00 -1 -3.25e-11      0.00 7.528e-01 2.470e-01 3.318e-05 9.415e-06 8.360e-05 -1.000 1.968e-04 0.691 1.986 1.179 0.669 0.490 0.412 0.388
0.0001957 -1.90000 10.07918 0.7994398475 2.4185283809    0.795  1.677  3.7158  2.476    3  0.000  0.529     0.00     0.00     0.00     0.00     0.00 -1 -3.84e-11      0.00 7.527e-01 2.471e-01 3.317e-05 9.426e-06 8.361e-05 -1.000 1.969e-04 0.577 1.888 1.072 0.556 0.374 0.294 0.270
0.0001957 -1.90000 10.07918 0.7995518446 2.4185676055    0.795  1.721  3.7142  2.426    3  0.000  0.529     0.00     0.00     0.00     0.00     0.00 -1  -4.5e-11      0.00 7.527e-01 2.471e-01 3.316e-05 9.432e-06 8.362e-05 -1.000 1.969e-04 0.467 1.795 0.969 0.447 0.262 0.180 0.155
0.0001957 -1.90000 10.07918 0.7996553183 2.4186038338    0.795  1.765  3.7126  2.375    3  0.000  0.529     0.00     0.00     0.00     0.00     0.00 -1 -5.27e-11      0.00 7.527e-01 2.471e-01 3.316e-05 9.433e-06 8.362e-05 -1.000 1.969e-04 0.357 1.702 0.865 0.337 0.150 0.066 0.041
0.0001957 -1.90000 10.07918 0.7997503281 2.4186370892    0.795  1.809  3.7110  2.325    3  0.000  0.529     0.00     0.00     0.00     0.00     0.00 -1 -6.19e-11      0.00 7.527e-01 2.471e-01 3.316e-05 9.434e-06 8.362e-05 -1.000 1.968e-04 0.247 1.610 0.763 0.228 0.038 -0.047 -0.074
0.0001957 -1.90000 10.07918 0.7998347282 2.4186666234    0.795  1.851  3.7093  2.276    3  0.000  0.529     0.00     0.00     0.00     0.00     0.00 -1 -6.65e-11      0.00 7.527e-01 2.471e-01 3.316e-05 9.434e-06 8.362e-05 -1.000 1.969e-04 0.141 1.523 0.664 0.124 -0.069 -0.157 -0.184
0.0001957 -1.90000 10.07918 0.7999127507 2.4186939195    0.794  1.893  3.7078  2.228    3  0.000  0.529     0.00     0.00     0.00     0.00     0.00 -1 -7.85e-11      0.00 7.527e-01 2.471e-01 3.316e-05 9.435e-06 8.362e-05 -1.000 1.968e-04 0.036 1.437 0.567 0.020 -0.176 -0.265 -0.293
0.0001957 -1.90000 10.07918 0.7999877334 2.4187201463    0.794  1.937  3.7061  2.177    3  0.000  0.529     0.00     0.00     0.00     0.00     0.00 -1 -9.74e-11      0.00 7.527e-01 2.471e-01 3.316e-05 9.435e-06 8.362e-05 -1.000 1.968e-04 -0.072 1.348 0.467 -0.087 -0.286 -0.377 -0.406
0.0001957 -1.90000 10.07918 0.8000000119 2.4187244405    0.794  1.944  3.7058  2.169    3  0.000  0.529     0.00     0.00     0.00     0.00     0.00 -1 -1.01e-10      0.00 7.527e-01 2.471e-01 3.316e-05 9.435e-06 8.362e-05 -1.000 1.968e-04 -0.091 1.333 0.450 -0.106 -0.305 -0.397 -0.426
0.0001957 -1.90000 10.07918 0.8000255227 2.4187333618    0.794  1.960  3.7051  2.151    3  0.000  0.529     0.00     0.00     0.00     0.00     0.00 -1 -1.07e-10      0.00 7.527e-01 2.471e-01 3.316e-05 9.436e-06 8.362e-05 -1.000 1.968e-04 -0.129 1.303 0.415 -0.144 -0.344 -0.436 -0.466
0.0001957 -1.90000 10.07918 0.8000941277 2.4187573503    0.794  2.005  3.7034  2.099    3  0.000  0.529     0.00     0.00     0.00     0.00     0.00 -1 -1.26e-10      0.00 7.527e-01 2.472e-01 3.316e-05 9.437e-06 8.363e-05 -1.000 1.969e-04 -0.241 1.212 0.311 -0.254 -0.457 -0.552 -0.583
0.0001957 -1.90000 10.07918 0.8001584411 2.4187798340    0.793  2.050  3.7016  2.046    3  0.000  0.529     0.00     0.00     0.00     0.00     0.00 -1 -1.49e-10      0.00 7.526e-01 2.472e-01 3.316e-05 9.439e-06 8.363e-05 -1.000 1.968e-04 -0.355 1.120 0.207 -0.366 -0.572 -0.669 -0.701
0.0001957 -1.90000 10.07918 0.8002161980 2.4188000220    0.793  2.093  3.6997  1.995    3  0.000  0.529     0.00     0.00     0.00     0.00     0.00 -1 -1.74e-10      0.00 7.526e-01 2.472e-01 3.316e-05 9.440e-06 8.363e-05 -1.000 1.969e-04 -0.462 1.036 0.109 -0.472 -0.682 -0.781 -0.814
0.0001957 -1.90000 10.07918 0.8002741337 2.4188202691    0.792  2.138  3.6979  1.942    3  0.000  0.529     0.00     0.00     0.00     0.00     0.00 -1 -2.05e-10      0.00 7.526e-01 2.472e-01 3.316e-05 9.441e-06 8.363e-05 -1.000 1.969e-04 -0.576 0.950 0.007 -0.583 -0.797 -0.898 -0.932
0.0001957 -1.90000 10.07918 0.8003349304 2.4188415124    0.792  2.179  3.6962  1.894    3  0.000  0.529     0.00     0.00     0.00     0.00     0.00 -1 -2.39e-10      0.00 7.526e-01 2.472e-01 3.316e-05 9.442e-06 8.363e-05 -1.000 1.968e-04 -0.678 0.873 -0.086 -0.684 -0.900 -1.004 -1.038
0.0001957 -1.90000 10.07918 0.8003666997 2.4188526116    0.791  2.193  3.6956  1.877    3  0.000  0.529     0.00     0.00     0.00     0.00     0.00 -1 -2.53e-10      0.00 7.526e-01 2.472e-01 3.316e-05 9.443e-06 8.363e-05 -1.000 1.969e-04 -0.714 0.846 -0.118 -0.719 -0.936 -1.041 -1.076
0.0001957 -1.90000 10.07918 0.8003982902 2.4188636474    0.791  2.184  3.6963  1.889    3  0.000  0.529     0.00     0.00     0.00     0.00     0.00 -1 -2.46e-10      0.00 7.526e-01 2.472e-01 3.316e-05 9.444e-06 8.363e-05 -1.000 1.969e-04 -0.691 0.859 -0.099 -0.697 -0.913 -1.017 -1.051
0.0001957 -1.90000 10.07918 0.8004050255 2.4188660001    0.791  2.191  3.6960  1.881    3  0.000  0.529     0.00     0.00     0.00     0.00     0.00 -1 -2.52e-10      0.00 7.526e-01 2.472e-01 3.316e-05 9.444e-06 8.363e-05 -1.000 1.969e-04 -0.708 0.847 -0.115 -0.714 -0.931 -1.035 -1.069
0.0001957 -1.90000 10.07918 0.8004426956 2.4188791582    0.790  2.233  3.6941  1.831    3  0.000  0.529     0.00     0.00     0.00     0.00     0.00 -1 -2.91e-10      0.00 7.526e-01 2.472e-01 3.316e-05 9.444e-06 8.363e-05 -1.000 1.969e-04 -0.812 0.771 -0.208 -0.816 -1.036 -1.143 -1.179
0.0001957 -1.90000 10.07918 0.8004807234 2.4188924397    0.790  2.277  3.6923  1.779    3  0.000  0.529     0.00     0.00     0.00     0.00     0.00 -1 -3.42e-10      0.00 7.526e-01 2.472e-01 3.316e-05 9.445e-06 8.363e-05 -1.000 1.969e-04 -0.923 0.687 -0.308 -0.925 -1.149 -1.258 -1.295
0.0001957 -1.90000 10.07918 0.8005130291 2.4189037216    0.789  2.318  3.6903  1.731    3  0.000  0.529     0.00     0.00     0.00     0.00     0.00 -1 -3.97e-10      0.00 7.526e-01 2.472e-01 3.316e-05 9.446e-06 8.363e-05 -1.000 1.968e-04 -1.024 0.616 -0.397 -1.024 -1.251 -1.363 -1.400
0.0001957 -1.90000 10.07918 0.8005447388 2.4189147943    0.788  2.360  3.6884  1.680    3  0.000  0.529     0.00     0.00     0.00     0.00     0.00 -1 -4.64e-10      0.00 7.526e-01 2.472e-01 3.316e-05 9.447e-06 8.363e-05 -1.000 1.968e-04 -1.130 0.543 -0.490 -1.127 -1.358 -1.472 -1.511
0.0001957 -1.90000 10.07918 0.8005744219 2.4189251584    0.788  2.402  3.6865  1.630    3  0.000  0.529     0.00     0.00     0.00     0.00     0.00 -1 -5.42e-10      0.00 7.526e-01 2.472e-01 3.315e-05 9.447e-06 8.363e-05 -1.000 1.969e-04 -1.236 0.468 -0.583 -1.230 -1.464 -1.581 -1.621
0.0001957 -1.90000 10.07918 0.8006003499 2.4189342107    0.787  2.442  3.6844  1.582    3  0.000  0.529     0.00     0.00     0.00     0.00     0.00 -1 -6.29e-10      0.00 7.526e-01 2.472e-01 3.315e-05 9.448e-06 8.363e-05 -1.000 1.968e-04 -1.335 0.412 -0.668 -1.327 -1.566 -1.685 -1.726
0.0001957 -1.90000 10.07918 0.8006260395 2.4189431791    0.786  2.485  3.6825  1.531    3  0.000  0.529     0.00     0.00     0.00     0.00     0.00 -1 -7.35e-10      0.00 7.526e-01 2.472e-01 3.315e-05 9.448e-06 8.363e-05 -1.000 1.968e-04 -1.441 0.355 -0.759 -1.432 -1.675 -1.796 -1.839
0.0001957 -1.90000 10.07918 0.8006488681 2.4189511482    0.785  2.525  3.6805  1.482    3  0.000  0.529     6.92     5.49     3.90     3.01     2.44  3 -8.54e-10      0.00 7.526e-01 2.472e-01 3.315e-05 9.449e-06 8.363e-05 -1.000 1.969e-04 -1.542 0.307 -0.843 -1.532 -1.779 -1.903 -1.946
0.0001957 -1.90000 10.07918 0.8006700873 2.4189585549    0.784  2.565  3.6785  1.433    3  0.000  0.529     7.67     6.00     4.24     3.28     2.66  3 -9.93e-10      0.00 7.526e-01 2.472e-01 3.315e-05 9.449e-06 8.363e-05 -1.000 1.968e-04 -1.643 0.267 -0.925 -1.632 -1.882 -2.009 -2.054
0.0001957 -1.90000 10.07918 0.8006904125 2.4189656492    0.783  2.607  3.6766  1.384    3  0.000  0.529     8.51     6.55     4.62     3.58     2.90  3 -1.16e-09      0.00 7.526e-01 2.472e-01 3.315e-05 9.449e-06 8.363e-05 -1.000 1.968e-04 -1.746 0.226 -1.007 -1.732 -1.988 -2.117 -2.163
0.0001957 -1.90000 10.07918 0.8007122278 2.4189732632    0.782  2.654  3.6739  1.325    3  0.000  0.529     9.65     7.29     5.11     3.97     3.21  3 -1.38e-09      0.00 7.526e-01 2.472e-01 3.315e-05 9.450e-06 8.363e-05 -1.000 1.969e-04 -1.865 0.198 -1.097 -1.849 -2.110 -2.243 -2.291
0.0001957 -1.90000 10.07918 0.8007297516 2.4189793789    0.780  2.696  3.6720  1.275    3  0.000  0.529    10.72     7.98     5.57     4.33     3.50  3 -1.61e-09      0.00 7.526e-01 2.472e-01 3.315e-05 9.450e-06 8.363e-05 -1.000 1.969e-04 -1.969 0.166 -1.177 -1.950 -2.217 -2.353 -2.402
0.0001957 -1.90000 10.07918 0.8007478714 2.4189857024    0.779  2.742  3.6693  1.217    3  0.000  0.529    12.11     8.85     6.15     4.79     3.88  3 -1.92e-09      0.00 7.526e-01 2.472e-01 3.315e-05 9.451e-06 8.363e-05 -1.000 1.968e-04 -2.084 0.154 -1.258 -2.061 -2.336 -2.475 -2.526
0.0001957 -1.90000 10.07918 0.8007627726 2.4189909023    0.777  2.783  3.6674  1.167    3  0.000  0.529    13.44     9.67     6.69     5.22     4.23  2 -2.23e-09      0.00 7.526e-01 2.472e-01 3.315e-05 9.451e-06 8.363e-05 -1.000 1.969e-04 -2.187 0.135 -1.332 -2.160 -2.440 -2.583 -2.635
0.0001957 -1.90000 10.07918 0.8007779717 2.4189962061    0.775  2.827  3.6646  1.111    3  0.000  0.529    15.15    10.71     7.38     5.76     4.67  2 -2.64e-09      0.00 7.526e-01 2.472e-01 3.315e-05 9.451e-06 8.363e-05 -1.000 1.969e-04 -2.298 0.142 -1.403 -2.266 -2.554 -2.701 -2.755
0.0001957 -1.90000 10.07918 0.8007906675 2.4190006361    0.773  2.867  3.6626  1.062    3  0.000  0.529    16.79    11.69     8.02     6.27     5.08  2 -3.07e-09      0.00 7.526e-01 2.472e-01 3.315e-05 9.452e-06 8.363e-05 -1.000 1.969e-04 -2.398 0.137 -1.470 -2.361 -2.656 -2.806 -2.861
0.0001957 -1.90000 10.07918 0.8008038998 2.4190052531    0.771  2.912  3.6599  1.005    3  0.000  0.529    18.93    12.95     8.84     6.93     5.61  2 -3.64e-09      0.00 7.526e-01 2.472e-01 3.315e-05 9.452e-06 8.363e-05 -1.000 1.969e-04 -2.509 0.160 -1.535 -2.466 -2.770 -2.925 -2.982
0.0001957 -1.90000 10.07918 0.8008173108 2.4190099323    0.768  2.961  3.6573  0.944    3  0.000  0.529    21.52    14.44     9.81     7.70     6.24  2 -4.37e-09      0.00 7.526e-01 2.472e-01 3.315e-05 9.452e-06 8.363e-05 -1.000 1.969e-04 -2.632 0.171 -1.606 -2.579 -2.893 -3.053 -3.113
0.0001957 -1.90000 10.07918 0.8008282781 2.4190137587    0.766  3.003  3.6545  0.889    3  0.000  0.529    24.19    15.95    10.79     8.48     6.88  1 -5.16e-09      0.00 7.526e-01 2.472e-01 3.315e-05 9.452e-06 8.363e-05 -1.000 1.969e-04 -2.739 0.170 -1.667 -2.673 -2.998 -3.164 -3.225
0.0001957 -1.90000 10.07918 0.8008376360 2.4190170236    0.763  3.042  3.6524  0.840    3  0.000  0.529    26.81    17.40    11.72     9.23     7.49  1 -5.98e-09      0.00 7.526e-01 2.472e-01 3.315e-05 9.453e-06 8.364e-05 -1.000 1.969e-04 -2.836 0.155 -1.728 -2.761 -3.094 -3.264 -3.328
0.0001957 -1.90000 10.07918 0.8008472919 2.4190203923    0.760  3.085  3.6496  0.784    3  0.000  0.529    30.15    19.23    12.89    10.17     8.25  1 -7.04e-09      0.00 7.526e-01 2.472e-01 3.315e-05 9.453e-06 8.364e-05 -1.000 1.969e-04 -2.943 0.155 -1.787 -2.854 -3.199 -3.374 -3.440
0.0001957 -1.90000 10.07918 0.8008571863 2.4190238441    0.756  3.132  3.6470  0.724    3  0.000  0.529    34.18    21.39    14.27    11.27     9.15  1 -8.41e-09      0.00 7.526e-01 2.472e-01 3.315e-05 9.453e-06 8.364e-05 -1.000 1.969e-04 -3.060 0.141 -1.857 -2.958 -3.312 -3.493 -3.561
0.0001957 -1.90000 10.07918 0.8008655310 2.4190267552    0.752  3.174  3.6442  0.669    3  0.000  0.529    38.41    23.61    15.68    12.41    10.07  1 -9.92e-09      0.00 7.526e-01 2.472e-01 3.315e-05 9.453e-06 8.364e-05 -1.000 1.969e-04 -3.165 0.143 -1.913 -3.048 -3.413 -3.600 -3.670
0.0001957 -1.90000 10.07918 0.8008738756 2.4190296662    0.747  3.219  3.6415  0.611    3  0.000  0.529    43.39    26.18    17.31    13.72    11.13  1 -1.18e-08      0.00 7.526e-01 2.472e-01 3.315e-05 9.453e-06 8.364e-05 -1.000 1.969e-04 -3.277 0.136 -1.975 -3.145 -3.521 -3.714 -3.787
0.0001957 -1.90000 10.07918 0.8008816242 2.4190323693    0.742  3.261  3.6388  0.554    3  0.000  0.529    48.86    28.95    19.04    15.12    12.28  1 -1.39e-08      0.00 7.526e-01 2.472e-01 3.315e-05 9.453e-06 8.364e-05 -1.000 1.968e-04 -3.383 0.138 -2.027 -3.235 -3.623 -3.821 -3.897
0.0001957 -1.90000 10.07918 0.8008837700 2.4190331178    0.740  3.271  3.6382  0.541    3  0.000  0.529    50.26    29.64    19.48    15.47    12.56  1 -1.46e-08      0.00 7.526e-01 2.472e-01 3.315e-05 9.453e-06 8.364e-05 -1.000 1.969e-04 -3.408 0.137 -2.040 -3.256 -3.647 -3.847 -3.923
0.0001957 -1.90000 10.07918 0.8008837700 2.4190331178    0.740  1.680  3.8773  3.089    4  0.000  0.531     0.00     0.00     0.00     0.00     0.00 -1    -1e-30      0.00 7.542e-01 2.456e-01 3.318e-05 9.332e-06 8.333e-05 -1.000 1.969e-04 0.570 1.028 0.534 0.598 0.704 0.751 0.782
0.0001957 -1.90000 10.07918 0.8008846045 2.4190334089    0.740  1.692  3.8700  3.048    4  0.000  0.531     0.00     0.00     0.00     0.00     0.00 -1    -1e-30      0.00 7.542e-01 2.456e-01 3.318e-05 9.332e-06 8.333e-05 -1.000 1.969e-04 0.541 1.016 0.518 0.557 0.650 0.695 0.724
0.0001957 -1.90000 10.07918 0.8009409308 2.4190530558    0.740  1.704  3.8655  3.018    4  0.000  0.531     0.00     0.00     0.00     0.00     0.00 -1    -1e-30      0.00 7.542e-01 2.456e-01 3.318e-05 9.332e-06 8.333e-05 -1.000 1.969e-04 0.511 0.998 0.497 0.521 0.606 0.649 0.677
0.0001957 -1.90000 10.07918 0.8009957671 2.4190721800    0.741  1.704  3.8664  3.022    4  0.000  0.531     0.00     0.00     0.00     0.00     0.00 -1    -1e-30      0.00 7.542e-01 2.456e-01 3.318e-05 9.332e-06 8.333e-05 -1.000 1.968e-04 0.511 0.995 0.494 0.521 0.608 0.651 0.680
0.0001957 -1.90000 10.07918 0.8010507226 2.4190913427    0.741  1.704  3.8675  3.026    4  0.000  0.531     0.00     0.00     0.00     0.00     0.00 -1    -1e-30      0.00 7.542e-01 2.456e-01 3.318e-05 9.332e-06 8.333e-05 -1.000 1.968e-04 0.511 0.991 0.492 0.523 0.612 0.655 0.684
0.0001957 -1.90000 10.07918 0.8011062145 2.4191106894    0.741  1.704  3.8687  3.031    4  0.000  0.531     0.00     0.00     0.00     0.00     0.00 -1    -1e-30      0.00 7.542e-01 2.456e-01 3.318e-05 9.332e-06 8.333e-05 -1.000 1.968e-04 0.511 0.988 0.489 0.524 0.616 0.660 0.689
0.0001957 -1.90000 10.07918 0.8011631966 2.4191305524    0.741  1.704  3.8700  3.036    4  0.000  0.531     0.00     0.00     0.00     0.00     0.00 -1    -1e-30      0.00 7.542e-01 2.456e-01 3.318e-05 9.332e-06 8.333e-05 -1.000 1.968e-04 0.511 0.985 0.487 0.526 0.620 0.664 0.693
0.0001957 -1.90000 10.07918 0.8012198210 2.4191502875    0.741  1.703  3.8711  3.041    4  0.000  0.531     0.00     0.00     0.00     0.00     0.00 -1    -1e-30      0.00 7.542e-01 2.456e-01 3.318e-05 9.332e-06 8.333e-05 -1.000 1.969e-04 0.512 0.983 0.485 0.529 0.624 0.669 0.698
0.0001957 -1.90000 10.07918 0.8012726903 2.4191687110    0.741  1.703  3.8720  3.045    4  0.000  0.531     0.00     0.00     0.00     0.00     0.00 -1    -1e-30      0.00 7.542e-01 2.456e-01 3.318e-05 9.332e-06 8.333e-05 -1.000 1.969e-04 0.512 0.981 0.484 0.531 0.628 0.673 0.703
0.0001957 -1.90000 10.07918 0.8013297915 2.4191886061    0.741  1.703  3.8728  3.048    4  0.000  0.531     0.00     0.00     0.00     0.00     0.00 -1    -1e-30      0.00 7.542e-01 2.456e-01 3.318e-05 9.332e-06 8.333e-05 -1.000 1.969e-04 0.512 0.979 0.483 0.532 0.631 0.676 0.706
0.0001957 -1.90000 10.07918 0.8013824224 2.4192069407    0.741  1.703  3.8731  3.049    4  0.000  0.531     0.00     0.00     0.00     0.00     0.00 -1    -1e-30      0.00 7.542e-01 2.456e-01 3.318e-05 9.332e-06 8.333e-05 -1.000 1.969e-04 0.512 0.978 0.482 0.532 0.631 0.677 0.706
0.0001957 -1.90000 10.07918 0.8014357686 2.4192255216    0.741  1.704  3.8731  3.049    4  0.000  0.531     0.00     0.00     0.00     0.00     0.00 -1    -1e-30      0.00 7.542e-01 2.456e-01 3.318e-05 9.332e-06 8.333e-05 -1.000 1.968e-04 0.511 0.977 0.481 0.531 0.630 0.676 0.706
0.0001957 -1.90000 10.07918 0.8014917374 2.4192450130    0.741  1.704  3.8725  3.046    4  0.000  0.531     0.00     0.00     0.00     0.00     0.00 -1    -1e-30      0.00 7.542e-01 2.456e-01 3.318e-05 9.332e-06 8.333e-05 -1.000 1.969e-04 0.510 0.977 0.480 0.529 0.627 0.672 0.702
0.0001957 -1.90000 10.07918 0.8015499711 2.4192652899    0.741  1.705  3.8714  3.041    4  0.000  0.531     0.00     0.00     0.00     0.00     0.00 -1    -1e-30      0.00 7.542e-01 2.456e-01 3.318e-05 9.332e-06 8.333e-05 -1.000 1.969e-04 0.507 0.977 0.480 0.525 0.621 0.666 0.695
0.0001957 -1.90000 10.07918 0.8016042709 2.4192841939    0.741  1.706  3.8698  3.033    4  0.000  0.531     0.00     0.00     0.00     0.00     0.00 -1    -1e-30      0.00 7.542e-01 2.456e-01 3.318e-05 9.332e-06 8.333e-05 -1.000 1.969e-04 0.504 0.979 0.480 0.519 0.612 0.656 0.685
0.0001957 -1.90000 10.07918 0.8016567826 2.4193024726    0.741  1.708  3.8675  3.022    4  0.000  0.531     0.00     0.00     0.00     0.00     0.00 -1    -1e-30      0.00 7.542e-01 2.456e-01 3.318e-05 9.332e-06 8.333e-05 -1.000 1.968e-04 0.500 0.980 0.481 0.512 0.601 0.645 0.673
0.0001957 -1.90000 10.07918 0.8017119765 2.4193216819    0.741  1.710  3.8644  3.008    4  0.000  0.531     0.00     0.00     0.00     0.00     0.00 -1    -1e-30      0.00 7.542e-01 2.456e-01 3.318e-05 9.332e-06 8.333e-05 -1.000 1.969e-04 0.495 0.984 0.482 0.503 0.586 0.629 0.657
0.0001957 -1.90000 10.07918 0.8017640710 2.4193398098    0.741  1.712  3.8609  2.991    4  0.000  0.531     0.00     0.00     0.00     0.00     0.00 -1    -1e-30      0.00 7.542e-01 2.456e-01 3.318e-05 9.332e-06 8.333e-05 -1.000 1.969e-04 0.489 0.987 0.484 0.492 0.569 0.610 0.638
0.0001957 -1.90000 10.07918 0.8018164635 2.4193580386    0.741  1.715  3.8567  2.972    4  0.000  0.531     0.00     0.00     0.00     0.00     0.00 -1    -1e-30      0.00 7.542e-01 2.456e-01 3.318e-05 9.332e-06 8.333e-05 -1.000 1.968e-04 0.483 0.992 0.487 0.481 0.550 0.590 0.616
0.0001957 -1.90000 10.07918 0.8018704057 2.4193768038    0.741  1.718  3.8517  2.949    4  0.000  0.531     0.00     0.00     0.00     0.00     0.00 -1    -1e-30      0.00 7.542e-01 2.456e-01 3.318e-05 9.332e-06 8.333e-05 -1.000 1.969e-04 0.474 0.998 0.491 0.468 0.528 0.565 0.590
0.0001957 -1.90000 10.07918 0.8019256592 2.4193960221    0.742  1.722  3.8458  2.921    4  0.000  0.531     0.00     0.00     0.00     0.00     0.00 -1    -1e-30      0.00 7.542e-01 2.456e-01 3.318e-05 9.332e-06 8.333e-05 -1.000 1.969e-04 0.465 1.007 0.497 0.454 0.503 0.536 0.560
0.0001957 -1.90000 10.07918 0.8019772768 2.4194139730    0.742  1.726  3.8396  2.893    4  0.000  0.531     0.00     0.00     0.00     0.00     0.00 -1    -1e-30      0.00 7.542e-01 2.456e-01 3.318e-05 9.332e-06 8.333e-05 -1.000 1.969e-04 0.455 1.017 0.503 0.439 0.476 0.507 0.529
0.0001957 -1.90000 10.07918 0.8019821644 2.4194156726    0.742  1.726  3.8390  2.890    4  0.000  0.531     0.00     0.00     0.00     0.00     0.00 -1    -1e-30      0.00 7.542e-01 2.456e-01 3.318e-05 9.332e-06 8.333e-05 -1.000 1.968e-04 0.454 1.018 0.503 0.437 0.473 0.504 0.526
0.0001957 -1.90000 10.07918 0.8019914031 2.4194188852    0.742  1.727  3.8378  2.884    4  0.000  0.531     0.00     0.00     0.00     0.00     0.00 -1    -1e-30      0.00 7.542e-01 2.456e-01 3.318e-05 9.332e-06 8.333e-05 -1.000 1.969e-04 0.452 1.020 0.505 0.435 0.469 0.498 0.520
0.0001957 -1.90000 10.07918 0.8020460010 2.4194378689    0.742  1.732  3.8307  2.852    4  0.000  0.531     0.00     0.00     0.00     0.00     0.00 -1    -1e-30      0.00 7.542e-01 2.456e-01 3.318e-05 9.332e-06 8.333e-05 -1.000 1.968e-04 0.441 1.032 0.512 0.418 0.439 0.465 0.485
0.0001957 -1.90000 10.07918 0.8020992279 2.4194563731    0.742  1.736  3.8239  2.820    4  0.000  0.531     0.00     0.00     0.00     0.00     0.00 -1    -1e-30      0.00 7.542e-01 2.456e-01 3.318e-05 9.332e-06 8.333e-05 -1.000 1.968e-04 0.430 1.046 0.520 0.403 0.411 0.432 0.450
0.0001957 -1.90000 10.07918 0.8021561503 2.4194761589    0.742  1.742  3.8160  2.783    4  0.000  0.531     0.00     0.00     0.00     0.00     0.00 -1    -1e-30      0.00 7.542e-01 2.456e-01 3.318e-05 9.332e-06 8.333e-05 -1.000 1.969e-04 0.416 1.062 0.529 0.385 0.379 0.395 0.411
0.0001957 -1.90000 10.07918 0.8022103310 2.4194949887    0.742  1.747  3.8082  2.746    4  0.000  0.531     0.00     0.00     0.00     0.00     0.00 -1    -1e-30      0.00 7.542e-01 2.456e-01 3.318e-05 9.332e-06 8.333e-05 -1.000 1.969e-04 0.402 1.081 0.539 0.367 0.348 0.358 0.371
0.0001957 -1.90000 10.07918 0.8022623062 2.4195130492    0.742  1.753  3.8016  2.714    4  0.000  0.531     0.00     0.00     0.00     0.00     0.00 -1    -1e-30      0.00 7.542e-01 2.456e-01 3.318e-05 9.332e-06 8.333e-05 -1.000 1.968e-04 0.388 1.097 0.547 0.352 0.320 0.325 0.336
0.0001957 -1.90000 10.07918 0.8023159504 2.4195316869    0.742  1.759  3.7947  2.680    4  0.000  0.531     0.00     0.00     0.00     0.00     0.00 -1    -1e-30      0.00 7.542e-01 2.456e-01 3.318e-05 9.332e-06 8.333e-05 -1.000 1.968e-04 0.372 1.116 0.556 0.334 0.291 0.290 0.299
0.0001957 -1.90000 10.07918 0.8023685217 2.4195499490    0.742  1.765  3.7888  2.651    4  0.000  0.531     0.00     0.00     0.00     0.00     0.00 -1    -1e-30      0.00 7.542e-01 2.456e-01 3.318e-05 9.332e-06 8.333e-05 -1.000 1.969e-04 0.358 1.131 0.561 0.319 0.265 0.259 0.266
0.0001957 -1.90000 10.07918 0.8024217486 2.4195684361    0.742  1.771  3.7833  2.622    4  0.000  0.531     0.00     0.00     0.00     0.00     0.00 -1    -1e-30      0.00 7.542e-01 2.456e-01 3.318e-05 9.332e-06 8.333e-05 -1.000 1.969e-04 0.342 1.144 0.565 0.302 0.239 0.228 0.233
0.0001957 -1.90000 10.07918 0.8024749756 2.4195869203    0.742  1.778  3.7781  2.595    4  0.000  0.531     0.00     0.00     0.00     0.00     0.00 -1    -1e-30      0.00 7.542e-01 2.456e-01 3.318e-05 9.332e-06 8.333e-05 -1.000 1.969e-04 0.324 1.155 0.565 0.285 0.212 0.197 0.199
0.0001957 -1.90000 10.07918 0.8025286198 2.4196055466    0.742  1.788  3.7726  2.563    4  0.000  0.531     0.00     0.00     0.00     0.00     0.00 -1    -1e-30      0.00 7.542e-01 2.456e-01 3.318e-05 9.332e-06 8.333e-05 -1.000 1.969e-04 0.301 1.165 0.562 0.261 0.178 0.158 0.159
0.0001957 -1.90000 10.07918 0.8025392890 2.4196092508    0.742  1.778  3.7760  2.586    4  0.000  0.531     0.00     0.00     0.00     0.00     0.00 -1    -1e-30      0.00 7.542e-01 2.456e-01 3.318e-05 9.332e-06 8.333e-05 -1.000 1.969e-04 0.324 1.168 0.573 0.285 0.208 0.191 0.193
0.0001957 -1.90000 10.07918 0.8025943637 2.4196283703    0.742  1.793  3.7685  2.541    4  0.000  0.531     0.00     0.00     0.00     0.00     0.00 -1    -1e-30      0.00 7.542e-01 2.456e-01 3.318e-05 9.332e-06 8.333e-05 -1.000 1.969e-04 0.287 1.176 0.563 0.248 0.158 0.134 0.133
0.0001957 -1.90000 10.07918 0.8026485443 2.4196471764    0.742  1.812  3.7616  2.495    4  0.000  0.531     0.00     0.00     0.00     0.00     0.00 -1    -1e-30      0.00 7.542e-01 2.456e-01 3.318e-05 9.332e-06 8.333e-05 -1.000 1.969e-04 0.241 1.173 0.542 0.202 0.101 0.070 0.066
0.0001957 -1.90000 10.07918 0.8026941419 2.4196630010    0.742  1.840  3.7536  2.435    4  0.000  0.531     0.00     0.00     0.00     0.00     0.00 -1    -1e-30      0.00 7.542e-01 2.456e-01 3.318e-05 9.332e-06 8.333e-05 -1.000 1.968e-04 0.170 1.157 0.501 0.132 0.017 -0.022 -0.030
0.0001957 -1.90000 10.07918 0.8027188778 2.4196715848    0.742  1.873  3.7457  2.370    4  0.000  0.531     0.00     0.00     0.00     0.00     0.00 -1    -1e-30      0.00 7.542e-01 2.456e-01 3.318e-05 9.332e-06 8.333e-05 -1.000 1.969e-04 0.087 1.131 0.449 0.051 -0.078 -0.125 -0.136
0.0001957 -1.90000 10.07918 0.8027300835 2.4196754731    0.742  1.908  3.7386  2.307    4  0.000  0.531     0.00     0.00     0.00     0.00     0.00 -1    -1e-30      0.00 7.542e-01 2.456e-01 3.318e-05 9.332e-06 8.333e-05 -1.000 1.969e-04 -0.001 1.098 0.388 -0.035 -0.176 -0.231 -0.245
0.0001957 -1.90000 10.07918 0.8027350307 2.4196771898    0.742  1.946  3.7322  2.244    4  0.000  0.531     0.00     0.00     0.00     0.00     0.00 -1    -1e-30      0.00 7.542e-01 2.456e-01 3.318e-05 9.332e-06 8.333e-05 -1.000 1.968e-04 -0.094 1.060 0.321 -0.127 -0.279 -0.340 -0.357
0.0001957 -1.90000 10.07918 0.8027374148 2.4196780170    0.742  1.983  3.7271  2.187    4  0.000  0.531     0.00     0.00     0.00     0.00     0.00 -1    -1e-30      0.00 7.542e-01 2.456e-01 3.318e-05 9.332e-06 8.333e-05 -1.000 1.968e-04 -0.186 1.014 0.250 -0.217 -0.378 -0.445 -0.464
0.0001957 -1.90000 10.07918 0.8027383685 2.4196783479    0.742  2.007  3.7242  2.150    7  0.000  0.531     0.00     0.00     0.00     0.00     0.00 -1    -1e-30      0.00 7.542e-01 2.456e-01 3.318e-05 9.332e-06 8.333e-05 -1.000 1.969e-04 -0.248 0.980 0.200 -0.278 -0.444 -0.514 -0.534
0.0001957 -1.90000 10.07918 0.8027386665 2.4196784514    0.742  2.018  3.7232  2.136    7  0.000  0.531     0.00     0.00     0.00     0.00     0.00 -1    -1e-30      0.00 7.542e-01 2.456e-01 3.318e-05 9.332e-06 8.333e-05 -1.000 1.969e-04 -0.275 0.964 0.178 -0.304 -0.471 -0.543 -0.563
0.0001957 -1.90000 10.07918 0.8027396202 2.4196787823    0.742  2.057  3.7196  2.082    7  0.000  0.531     0.00     0.00     0.00     0.00     0.00 -1    -1e-30      0.00 7.542e-01 2.456e-01 3.318e-05 9.332e-06 8.333e-05 -1.000 1.969e-04 -0.373 0.900 0.095 -0.400 -0.574 -0.649 -0.672
0.0001957 -1.90000 10.07918 0.8027405739 2.4196791132    0.742  2.095  3.7165  2.032    7  0.000  0.531     0.00     0.00     0.00     0.00     0.00 -1    -1e-30      0.00 7.542e-01 2.456e-01 3.318e-05 9.332e-06 8.333e-05 -1.000 1.968e-04 -0.468 0.839 0.015 -0.494 -0.672 -0.752 -0.776
0.0001957 -1.90000 10.07918 0.8027414680 2.4196794234    0.742  2.125  3.7143  1.993    7  0.000  0.531     0.00     0.00     0.00     0.00     0.00 -1    -1e-30      0.00 7.542e-01 2.456e-01 3.318e-05 9.332e-06 8.333e-05 -1.000 1.969e-04 -0.542 0.789 -0.048 -0.566 -0.749 -0.831 -0.856
0.0001957 -1.90000 10.07918 0.8027424216 2.4196797543    0.742  2.147  3.7127  1.965    7  0.000  0.531     0.00     0.00     0.00     0.00     0.00 -1    -1e-30      0.00 7.542e-01 2.456e-01 3.318e-05 9.332e-06 8.333e-05 -1.000 1.969e-04 -0.597 0.752 -0.096 -0.621 -0.806 -0.890 -0.916
0.0001957 -1.90000 10.07918 0.8027438521 2.4196802507    0.742  2.162  3.7118  1.946    7  0.000  0.531     0.00     0.00     0.00     0.00     0.00 -1    -1e-30      0.00 7.542e-01 2.456e-01 3.318e-05 9.332e-06 8.333e-05 -1.000 1.969e-04 -0.634 0.726 -0.129 -0.658 -0.845 -0.929 -0.956
0.0001957 -1.90000 10.07918 0.8027466536 2.4196812227    0.742  2.143  3.7132  1.970    7  0.000  0.531     0.00     0.00     0.00     0.00     0.00 -1    -1e-30      0.00 7.542e-01 2.456e-01 3.318e-05 9.332e-06 8.333e-05 -1.000 1.969e-04 -0.588 0.755 -0.090 -0.613 -0.797 -0.880 -0.906
0.0001957 -1.90000 10.07918 0.8027641773 2.4196873029    0.742  2.135  3.7136  1.980    7  0.000  0.531     0.00     0.00     0.00     0.00     0.00 -1    -1e-30      0.00 7.542e-01 2.456e-01 3.318e-05 9.332e-06 8.333e-05 -1.000 1.969e-04 -0.567 0.772 -0.070 -0.591 -0.775 -0.858 -0.883
0.0001957 -1.90000 10.07918 0.8027806282 2.4196930105    0.742  2.157  3.7117  1.950    7  0.000  0.531     0.00     0.00     0.00     0.00     0.00 -1    -1e-30      0.00 7.542e-01 2.456e-01 3.318e-05 9.332e-06 8.333e-05 -1.000 1.969e-04 -0.623 0.738 -0.117 -0.647 -0.834 -0.919 -0.945
0.0001957 -1.90000 10.07918 0.8028005958 2.4196999379    0.743  2.202  3.7084  1.892    7  0.000  0.531     0.00     0.00     0.00     0.00     0.00 -1    -1e-30      0.00 7.542e-01 2.456e-01 3.318e-05 9.332e-06 8.333e-05 -1.000 1.969e-04 -0.735 0.666 -0.213 -0.756 -0.950 -1.038 -1.066
0.0001957 -1.90000 10.07918 0.8028196692 2.4197065547    0.743  2.253  3.7050  1.828    7  0.000  0.531     0.00     0.00     0.00     0.00     0.00 -1    -1e-30      0.00 7.542e-01 2.456e-01 3.318e-05 9.332e-06 8.333e-05 -1.000 1.968e-04 -0.862 0.585 -0.320 -0.880 -1.079 -1.172 -1.202
0.0001957 -1.90000 10.07918 0.8028373122 2.4197126750    0.743  2.302  3.7018  1.766    7  0.000  0.531     0.00     0.00     0.00     0.00     0.00 -1    -1e-30      0.00 7.542e-01 2.456e-01 3.318e-05 9.332e-06 8.333e-05 -1.000 1.969e-04 -0.986 0.504 -0.427 -1.001 -1.207 -1.304 -1.335
0.0001957 -1.90000 10.07918 0.8028530478 2.4197181333    0.743  2.347  3.6990  1.710    7  0.000  0.531     0.00     0.00     0.00     0.00     0.00 -1    -1e-30      0.00 7.542e-01 2.456e-01 3.318e-05 9.332e-06 8.333e-05 -1.000 1.945e-04 -1.097 0.431 -0.523 -1.110 -1.321 -1.421 -1.454
0.0001957 -1.90000 10.07918 0.8028671145 2.4197230125    0.743  2.390  3.6964  1.657    7  0.000  0.531     0.00     0.00     0.00     0.00     0.00 -1    -1e-30      0.00 7.542e-01 2.456e-01 3.316e-05 9.335e-06 8.333e-05 -1.000 1.573e-04 -1.204 0.362 -0.614 -1.214 -1.429 -1.533 -1.568
0.0001957 -1.90000 10.07918 0.8028794527 2.4197272920    0.743  2.431  3.6939  1.605    7  0.000  0.530     0.00     0.00     0.00     0.00     0.00 -1    -1e-30      0.00 7.543e-01 2.456e-01 3.310e-05 9.357e-06 8.333e-05 -1.000 1.813e-04 -1.308 0.295 -0.703 -1.315 -1.536 -1.642 -1.679
0.0001957 -1.90000 10.07918 0.8028903604 2.4197310752    0.743  2.472  3.6915  1.555    7  0.000  0.526     0.00     0.00     0.00     0.00     0.00 -1    -1e-30      0.00 7.543e-01 2.456e-01 3.287e-05 9.492e-06 8.333e-05 -1.000 1.565e-04 -1.410 0.230 -0.790 -1.414 -1.639 -1.749 -1.786
0.0001957 -1.90000 10.07918 0.8029001355 2.4197344655    0.743  2.513  3.6891  1.505    7  0.000  0.517     6.47     5.20     3.69     2.86     2.31  3    -1e-30      0.00 7.542e-01 2.456e-01 3.233e-05 1.000e-05 8.333e-05 -1.000 1.890e-04 -1.511 0.166 -0.876 -1.512 -1.742 -1.855 -1.894
0.0001957 -1.90000 10.07918 0.8029091358 2.4197375870    0.743  2.553  3.6867  1.454    7  0.000  0.504     7.20     5.69     4.03     3.12     2.52  3    -1e-30      0.00 7.541e-01 2.457e-01 3.150e-05 1.095e-05 8.334e-05 -1.000 1.968e-04 -1.613 0.105 -0.960 -1.609 -1.844 -1.960 -2.000
0.0001957 -1.90000 10.07918 0.8029174209 2.4197404603    0.743  2.594  3.6843  1.404    7  0.000  0.490     8.01     6.23     4.39     3.41     2.76  3    -1e-30      0.00 7.540e-01 2.458e-01 3.062e-05 1.203e-05 8.335e-05 -1.000 1.968e-04 -1.714 0.058 -1.043 -1.708 -1.948 -2.067 -2.109
0.0001957 -1.90000 10.07918 0.8029250503 2.4197431062    0.743  2.634  3.6818  1.354    7  0.000  0.477     8.92     6.82     4.79     3.72     3.01  3    -1e-30      0.00 7.539e-01 2.459e-01 2.982e-05 1.300e-05 8.336e-05 -1.000 1.802e-04 -1.815 0.025 -1.122 -1.807 -2.052 -2.175 -2.218
0.0001957 -1.90000 10.07918 0.8029322624 2.4197456073    0.743  2.674  3.6794  1.304    7  0.000  0.466     9.91     7.47     5.22     4.06     3.29  3    -1e-30      0.00 7.537e-01 2.461e-01 2.914e-05 1.385e-05 8.337e-05 -1.000 1.707e-04 -1.915 -0.002 -1.199 -1.906 -2.156 -2.282 -2.327
0.0001957 -1.90000 10.07918 0.8029391766 2.4197480051    0.743  2.714  3.6769  1.255    7  0.000  0.456    11.01     8.16     5.68     4.43     3.59  2    -1e-30      0.00 7.536e-01 2.463e-01 2.854e-05 1.459e-05 8.338e-05 -1.000 1.968e-04 -2.015 -0.023 -1.273 -2.003 -2.259 -2.388 -2.434
0.0001957 -1.90000 10.07918 0.8029458523 2.4197503201    0.743  2.753  3.6745  1.206    7  0.000  0.448    12.23     8.92     6.19     4.83     3.91  2    -1e-30      0.00 7.534e-01 2.464e-01 2.802e-05 1.523e-05 8.337e-05 -1.000 1.969e-04 -2.113 -0.036 -1.343 -2.098 -2.361 -2.493 -2.541
0.0001957 -1.90000 10.07918 0.8029520512 2.4197524697    0.743  2.794  3.6720  1.155    7  0.000  0.441    13.61     9.77     6.75     5.28     4.27  2    -1e-30      0.00 7.532e-01 2.466e-01 2.756e-05 1.579e-05 8.335e-05 -1.000 1.968e-04 -2.214 -0.044 -1.414 -2.196 -2.465 -2.601 -2.650
0.0001957 -1.90000 10.07918 0.8029575348 2.4197543713    0.743  2.834  3.6694  1.104    7  0.000  0.435    15.17    10.71     7.37     5.77     4.67  2    -1e-30      0.00 7.530e-01 2.468e-01 2.717e-05 1.628e-05 8.332e-05 -1.000 1.969e-04 -2.316 -0.043 -1.481 -2.294 -2.570 -2.710 -2.761
0.0001957 -1.90000 10.07918 0.8029621243 2.4197559628    0.743  2.874  3.6669  1.054    7  0.000  0.430    16.89    11.74     8.04     6.30     5.10  2    -1e-30      0.00 7.528e-01 2.470e-01 2.684e-05 1.669e-05 8.325e-05 -1.000 1.969e-04 -2.416 -0.034 -1.544 -2.389 -2.673 -2.817 -2.869
0.0001957 -1.90000 10.07918 0.8029661179 2.4197573475    0.743  2.916  3.6642  1.002    7  0.000  0.426    18.85    12.89     8.80     6.90     5.59  2    -1e-30      0.00 7.526e-01 2.472e-01 2.655e-05 1.708e-05 8.314e-05 -1.000 1.856e-04 -2.519 -0.016 -1.605 -2.486 -2.778 -2.927 -2.981
0.0001957 -1.90000 10.07918 0.8029696345 2.4197585670    0.743  2.956  3.6615  0.951    7  0.000  0.422    21.01    14.13     9.60     7.55     6.12  2    -1e-30      0.00 7.524e-01 2.474e-01 2.630e-05 1.743e-05 8.300e-05 -1.000 1.664e-04 -2.620 0.019 -1.658 -2.580 -2.882 -3.035 -3.092
0.0001957 -1.90000 10.07918 0.8029732704 2.4197598277    0.743  3.000  3.6586  0.896    7  0.000  0.420    23.64    15.62    10.57     8.31     6.74  1    -1e-30      0.00 7.522e-01 2.476e-01 2.609e-05 1.777e-05 8.283e-05 -1.000 1.969e-04 -2.729 0.068 -1.708 -2.680 -2.994 -3.152 -3.211
0.0001957 -1.90000 10.07918 0.8029765487 2.4197609645    0.743  3.042  3.6557  0.841    7  0.000  0.418    26.54    17.24    11.61     9.15     7.42  1    -1e-30      0.00 7.520e-01 2.478e-01 2.594e-05 1.807e-05 8.266e-05 -1.000 1.969e-04 -2.836 0.078 -1.765 -2.774 -3.099 -3.264 -3.324
0.0001957 -1.90000 10.07918 0.8029780984 2.4197615018    0.743  3.066  3.6541  0.812    7  0.000  0.417    28.26    18.18    12.21     9.63     7.81  1    -1e-30      0.00 7.519e-01 2.479e-01 2.585e-05 1.827e-05 8.254e-05 -1.000 1.969e-04 -2.894 0.078 -1.797 -2.825 -3.156 -3.323 -3.385
0.0001957 -1.90000 10.07918 0.8029785752 2.4197616672    0.743  3.071  3.6537  0.805    7  0.000  0.417    28.69    18.42    12.36     9.75     7.91  1    -1e-30      0.00 7.519e-01 2.479e-01 2.582e-05 1.835e-05 8.249e-05 -1.000 1.968e-04 -2.908 0.079 -1.805 -2.837 -3.169 -3.337 -3.400
0.0001957 -1.90000 10.07918 0.8029786944 2.4197617085    0.743  3.072  3.6537  0.804    7  0.000  0.417    28.74    18.44    12.38     9.77     7.92  1    -1e-30      0.00 7.519e-01 2.479e-01 2.581e-05 1.836e-05 8.248e-05 -1.000 1.968e-04 -2.909 0.079 -1.806 -2.838 -3.171 -3.339 -3.402
0.0001957 -1.90000 10.07918 0.8029787540 2.4197617292    0.743  3.072  3.6537  0.803    7  0.000  0.417    28.78    18.46    12.40     9.78     7.93  1    -1e-30      0.00 7.519e-01 2.479e-01 2.581e-05 1.837e-05 8.247e-05 -1.000 1.969e-04 -2.910 0.079 -1.806 -2.840 -3.172 -3.340 -3.403
0.0001957 -1.90000 10.07918 0.8029788733 2.4197617705    0.743  3.074  3.6536  0.801    7  0.000  0.417    28.90    18.53    12.44     9.81     7.96  1    -1e-30      0.00 7.519e-01 2.479e-01 2.580e-05 1.839e-05 8.246e-05 -1.000 1.968e-04 -2.914 0.079 -1.809 -2.843 -3.176 -3.344 -3.407
0.0001957 -1.90000 10.07918 0.8029789925 2.4197618118    0.743  3.075  3.6535  0.800    7  0.000  0.417    28.98    18.57    12.47     9.84     7.98  1    -1e-30      0.00 7.518e-01 2.480e-01 2.579e-05 1.841e-05 8.245e-05 -1.000 1.969e-04 -2.917 0.079 -1.810 -2.845 -3.179 -3.347 -3.410
0.0001957 -1.90000 10.07918 0.8029791117 2.4197618532    0.743  3.077  3.6534  0.797    7  0.000  0.417    29.14    18.66    12.52     9.88     8.01  1    -1e-30      0.00 7.518e-01 2.480e-01 2.578e-05 1.843e-05 8.244e-05 -1.000 1.968e-04 -2.922 0.078 -1.813 -2.850 -3.183 -3.352 -3.415
0.0001957 -1.90000 10.07918 0.8029793501 2.4197619358    0.743  3.085  3.6528  0.787    7  0.000  0.417    29.82    19.03    12.76    10.07     8.17  1    -1e-30      0.00 7.518e-01 2.480e-01 2.576e-05 1.849e-05 8.239e-05 -1.000 1.969e-04 -2.943 0.079 -1.824 -2.868 -3.204 -3.374 -3.438
0.0001957 -1.90000 10.07918 0.8029797673 2.4197620805    0.743  3.133  3.6493  0.725    7  0.000  0.416    33.97    21.26    14.18    11.21     9.09  1    -1e-30      0.00 7.516e-01 2.482e-01 2.559e-05 1.896e-05 8.207e-05 -1.000 1.968e-04 -3.062 0.085 -1.887 -2.971 -3.319 -3.496 -3.562
0.0001957 -1.90000 10.07918 0.8029803634 2.4197622872    0.743  3.201  3.6442  0.636    7  0.523  0.414    41.06    24.97    16.54    13.10    10.63  1    -1e-30      0.00 7.511e-01 2.487e-01 2.526e-05 1.998e-05 8.135e-05 -1.000 1.968e-04 -3.234 0.097 -1.973 -3.116 -3.483 -3.671 -3.741
0.0001957 -1.90000 10.07918 0.8029806614 2.4197623905    0.743  3.214  3.6394  0.604    8  0.521  0.428    43.95    26.46    17.48    13.86    11.25  1 -3.48e-07      0.00 7.510e-01 2.488e-01 2.635e-05 2.027e-05 8.200e-05 -1.000 1.694e-04 -3.266 0.202 -1.935 -3.123 -3.506 -3.702 -3.776
0.0001957 -1.90000 10.07918 0.8029807210 2.4197624112    0.741  2.989  3.6558  0.894    8  0.521  0.429    23.73    15.67    10.60     8.34     6.76  1 -1.46e-07      0.00 7.510e-01 2.488e-01 2.635e-05 2.027e-05 8.200e-05 -1.000 1.694e-04 -2.703 0.172 -1.647 -2.642 -2.964 -3.127 -3.188
0.0001957 -1.90000 10.07918 0.8029808402 2.4197624525    0.739  2.834  3.6670  1.092    8  0.521  0.429    15.54    10.93     7.52     5.88     4.76  2 -8.52e-08      0.00 7.510e-01 2.488e-01 2.635e-05 2.027e-05 8.200e-05 -1.000 1.694e-04 -2.315 0.048 -1.449 -2.288 -2.571 -2.715 -2.767
0.0001957 -1.90000 10.07918 0.8029810786 2.4197625352    0.733  2.627  3.6819  1.356    8  0.521  0.429     8.84     6.77     4.76     3.70     2.99  3 -4.49e-08      0.00 7.510e-01 2.488e-01 2.635e-05 2.027e-05 8.200e-05 -1.000 1.695e-04 -1.797 0.040 -1.105 -1.790 -2.034 -2.157 -2.200
0.0001957 -1.90000 10.07918 0.8029813766 2.4197626385    0.727  2.634  3.6813  1.343    8  0.521  0.429     9.07     6.92     4.85     3.78     3.06  3 -4.62e-08      0.00 7.510e-01 2.488e-01 2.635e-05 2.027e-05 8.200e-05 -1.000 1.694e-04 -1.814 0.042 -1.116 -1.806 -2.052 -2.176 -2.219
0.0001957 -1.90000 10.07918 0.8029817939 2.4197627832    0.718  2.724  3.6745  1.220    8  0.521  0.429    11.73     8.61     5.98     4.67     3.78  2 -6.16e-08      0.00 7.510e-01 2.488e-01 2.635e-05 2.027e-05 8.200e-05 -1.000 1.694e-04 -2.039 0.035 -1.270 -2.024 -2.287 -2.419 -2.467
0.0001957 -1.90000 10.07918 0.8029822707 2.4197629485    0.708  2.912  3.6606  0.970    8  0.522  0.429    19.93    13.49     9.17     7.22     5.84  2 -1.17e-07      0.00 7.510e-01 2.488e-01 2.635e-05 2.027e-05 8.200e-05 -1.000 1.694e-04 -2.510 0.155 -1.538 -2.468 -2.772 -2.926 -2.983
0.0001957 -1.90000 10.07918 0.8029828668 2.4197631552    0.696  3.080  3.6480  0.744    8  0.522  0.429    32.16    20.21    13.49    10.68     8.66  1 -2.23e-07      0.00 7.510e-01 2.488e-01 2.635e-05 2.027e-05 8.200e-05 -1.000 1.694e-04 -2.931 0.232 -1.746 -2.834 -3.185 -3.364 -3.431
0.0001957 -1.90000 10.07918 0.8029835224 2.4197633826    0.682  3.194  3.6395  0.588    8  0.522  0.429    44.70    26.65    17.57    13.97    11.34  1 -3.61e-07      0.00 7.510e-01 2.488e-01 2.635e-05 2.027e-05 8.200e-05 -1.000 1.694e-04 -3.214 0.266 -1.878 -3.071 -3.454 -3.651 -3.726
0.0001957 -1.90000 10.07918 0.8029842377 2.4197636306    0.667  3.257  3.6345  0.495    8  0.523  0.429    54.33    31.36    20.51    16.37    13.28  1 -4.88e-07      0.00 7.510e-01 2.488e-01 2.635e-05 2.027e-05 8.200e-05 -1.000 1.694e-04 -3.373 0.295 -1.938 -3.197 -3.602 -3.810 -3.889
0.0001957 -1.90000 10.07918 0.8029850721 2.4197639199    0.651  3.291  3.6316  0.440    8  0.523  0.429    60.90    34.44    22.41    17.93    14.55  1 -5.85e-07      0.00 7.510e-01 2.488e-01 2.635e-05 2.027e-05 8.200e-05 -1.000 1.694e-04 -3.456 0.320 -1.958 -3.259 -3.679 -3.894 -3.976
0.0001957 -1.90000 10.07918 0.8029859662 2.4197642299    0.634  3.312  3.6297  0.399    8  0.524  0.429    66.16    36.81    23.87    19.13    15.52  1  -6.7e-07      0.00 7.510e-01 2.488e-01 2.635e-05 2.027e-05 8.200e-05 -1.000 1.694e-04 -3.509 0.343 -1.965 -3.297 -3.727 -3.948 -4.032
0.0001957 -1.90000 10.07918 0.8029902577 2.4197657179    0.526 -9.999  4.0000  1.884    9  0.526  0.000     0.00     0.00     0.00     0.00     0.00 -1    -1e-30      0.00 7.510e-01 2.488e-01 2.635e-05 2.027e-05 8.200e-05 -1.000 1.694e-04 29.767 30.108 29.970 30.249 30.477 30.556 30.645
#isochrone terminated
