# File generated by CMD 3.7 (http://stev.oapd.inaf.it/cmd) on Thu Feb  1 19:53:56 UTC 2024
# isochrones based on PARSEC release v1.2S +  COLIBRI S_37 + S_35 + PR16
# Basic references: Bressan et al. (2012), MNRAS, 427, 127 + Chen et al. (2014, 2015), MNRAS, 444, 2525 + MNRAS, 452, 1068 + Tang et al. (2014), MNRAS, 445, 4287 + Marigo et al. (2017), ApJ, 835, 77 + Pastorelli al. (2019), MNRAS, 485, 5666 + Pastorelli al. (2020), MNRAS, in press
# Thermal pulse cycles included 
# On RGB, assumed Reimers mass loss with efficiency eta=0.2
# LPV periods and growth rates added cf. Trabucchi et al. (2019)
# but fundamental-mode LPV periods are from Trabucchi et al. (2021)
# Photometric system: DECAM (ABmags)
# Using YBC version of bolometric corrections as in Chen et al. (2019)
# O-rich circumstellar dpmod60alox40 dust from Groenewegen (2006)
# C-rich circumstellar AMCSIC15 dust from Groenewegen (2006)
# IMF: Kroupa (2001, 2002) + Kroupa et al. (2013) canonical two-part-power law IMF corrected for unresolved binaries 
# Kind of output: isochrone tables
# Zini     MH   logAge Mini        int_IMF         Mass   logL    logTe  logg  label   McoreTP C_O  period0  period1  period2  period3  period4  pmode  Mloss  tau1m   X   Y   Xc  Xn  Xo  Cexcess  Z 	 mbolmag  umag    gmag    rmag    imag    zmag    Ymag
0.00031003 -1.70000 10.07918 0.0900000036 1.0816895926    0.090 -3.192  3.4816  5.463    1  0.000  0.545     0.00     0.00     0.00     0.00     0.00 -1    -5e-17      0.00 7.482e-01 2.515e-01 6.177e-05 1.667e-05 1.511e-04 -1.000 3.435e-04 12.750 17.874 16.052 14.108 12.567 12.072 11.972
0.00031003 -1.70000 10.07918 0.0960286483 1.1370490765    0.096 -2.984  3.5118  5.404    1  0.000  0.545     0.00     0.00     0.00     0.00     0.00 -1 -8.36e-17      0.00 7.468e-01 2.528e-01 6.177e-05 1.667e-05 1.511e-04 -1.000 3.434e-04 12.231 17.168 14.963 13.153 12.029 11.627 11.520
0.00031003 -1.70000 10.07918 0.1000000015 1.1711064122    0.100 -2.855  3.5306  5.367    1  0.000  0.545     0.00     0.00     0.00     0.00     0.00 -1 -1.15e-16      0.00 7.459e-01 2.537e-01 6.177e-05 1.667e-05 1.511e-04 -1.000 3.436e-04 11.907 16.605 14.320 12.611 11.695 11.337 11.232
0.00031003 -1.70000 10.07918 0.1199999973 1.3193154249    0.120 -2.564  3.5616  5.280    1  0.000  0.545     0.00     0.00     0.00     0.00     0.00 -1 -2.27e-16      0.00 7.430e-01 2.567e-01 6.177e-05 1.667e-05 1.511e-04 -1.000 3.436e-04 11.181 15.304 13.120 11.600 10.954 10.657 10.558
0.00031003 -1.70000 10.07918 0.1400000006 1.4384526719    0.140 -2.381  3.5766  5.224    1  0.000  0.545     0.00     0.00     0.00     0.00     0.00 -1 -3.42e-16      0.00 7.409e-01 2.588e-01 6.177e-05 1.667e-05 1.511e-04 -1.000 3.435e-04 10.723 14.526 12.456 11.042 10.490 10.218 10.125
0.00031003 -1.70000 10.07918 0.1599999964 1.5372931554    0.160 -2.238  3.5865  5.178    1  0.000  0.545     0.00     0.00     0.00     0.00     0.00 -1 -4.68e-16      0.00 7.395e-01 2.602e-01 6.177e-05 1.667e-05 1.511e-04 -1.000 3.435e-04 10.365 13.954 11.971 10.633 10.128 9.871 9.782
0.00031003 -1.70000 10.07918 0.2000000179 1.6938791367    0.200 -2.017  3.5991  5.104    1  0.000  0.545     0.00     0.00     0.00     0.00     0.00 -1 -7.58e-16      0.00 7.385e-01 2.612e-01 6.177e-05 1.667e-05 1.511e-04 -1.000 3.436e-04 9.812 13.135 11.265 10.027 9.569 9.332 9.249
0.00031003 -1.70000 10.07918 0.2500000000 1.8403257998    0.250 -1.814  3.6102  5.043    1  0.000  0.545     0.00     0.00     0.00     0.00     0.00 -1 -7.69e-16      0.00 7.386e-01 2.611e-01 6.176e-05 1.667e-05 1.511e-04 -1.000 3.435e-04 9.306 12.415 10.636 9.480 9.057 8.836 8.759
0.00031003 -1.70000 10.07918 0.3000000417 1.9529140366    0.300 -1.660  3.6190  5.003    1  0.000  0.545     0.00     0.00     0.00     0.00     0.00 -1 -1.58e-15      0.00 7.387e-01 2.609e-01 6.175e-05 1.667e-05 1.511e-04 -1.000 3.435e-04 8.919 11.869 10.155 9.063 8.665 8.457 8.385
0.00031003 -1.70000 10.07918 0.3465989530 2.0378077844    0.347 -1.541  3.6263  4.976    1  0.000  0.544     0.00     0.00     0.00     0.00     0.00 -1    -2e-15      0.00 7.386e-01 2.610e-01 6.173e-05 1.667e-05 1.511e-04 -1.000 3.435e-04 8.623 11.448 9.785 8.744 8.366 8.169 8.101
0.00031003 -1.70000 10.07918 0.3499999940 2.0434174644    0.350 -1.533  3.6268  4.975    1  0.000  0.544     0.00     0.00     0.00     0.00     0.00 -1 -2.03e-15      0.00 7.386e-01 2.610e-01 6.172e-05 1.667e-05 1.511e-04 -1.000 3.435e-04 8.603 11.419 9.760 8.722 8.346 8.150 8.082
0.00031003 -1.70000 10.07918 0.3588884175 2.0577494462    0.359 -1.508  3.6288  4.968    1  0.000  0.545     0.00     0.00     0.00     0.00     0.00 -1 -2.14e-15      0.00 7.408e-01 2.589e-01 6.173e-05 1.667e-05 1.511e-04 -1.000 3.435e-04 8.540 11.323 9.678 8.653 8.281 8.089 8.021
0.00031003 -1.70000 10.07918 0.4000000060 2.1185024399    0.400 -1.398  3.6371  4.939    1  0.000  0.545     0.00     0.00     0.00     0.00     0.00 -1  -2.7e-15      0.00 7.503e-01 2.494e-01 6.177e-05 1.667e-05 1.511e-04 -1.000 3.436e-04 8.266 10.913 9.325 8.355 8.004 7.824 7.761
0.00031003 -1.70000 10.07918 0.4500000179 2.1822809362    0.450 -1.233  3.6542  4.892    1  0.000  0.545     0.00     0.00     0.00     0.00     0.00 -1 -3.92e-15      0.00 7.506e-01 2.491e-01 6.177e-05 1.667e-05 1.511e-04 -1.000 3.435e-04 7.852 10.231 8.761 7.894 7.586 7.431 7.376
0.00031003 -1.70000 10.07918 0.5000000000 2.2374541529    0.500 -1.047  3.6764  4.842    1  0.000  0.545     0.00     0.00     0.00     0.00     0.00 -1 -6.05e-15      0.00 7.506e-01 2.491e-01 6.177e-05 1.667e-05 1.511e-04 -1.000 3.435e-04 7.388 9.414 8.124 7.382 7.123 6.998 6.955
0.00031003 -1.70000 10.07918 0.5500000715 2.2836583126    0.550 -0.837  3.6991  4.764    1  0.000  0.544     0.00     0.00     0.00     0.00     0.00 -1 -1.02e-14      0.00 7.848e-01 2.150e-01 5.382e-05 1.453e-05 1.318e-04 -1.000 2.448e-04 6.863 8.546 7.454 6.822 6.605 6.509 6.479
0.00031003 -1.70000 10.07918 0.6000000238 2.3211213258    0.600 -0.627  3.7258  4.698    1  0.000  0.544     0.00     0.00     0.00     0.00     0.00 -1 -1.71e-14      0.00 7.964e-01 2.033e-01 5.129e-05 1.386e-05 1.258e-04 -1.000 2.663e-04 6.338 7.688 6.805 6.279 6.108 6.042 6.026
0.00031003 -1.70000 10.07918 0.6096851230 2.3275658608    0.609 -0.585  3.7317  4.686    1  0.000  0.543     0.00     0.00     0.00     0.00     0.00 -1  -1.9e-14      0.00 7.991e-01 2.006e-01 5.071e-05 1.370e-05 1.244e-04 -1.000 2.770e-04 6.232 7.517 6.675 6.172 6.010 5.951 5.937
0.00031003 -1.70000 10.07918 0.6207514405 2.3346471129    0.620 -0.536  3.7384  4.672    1  0.000  0.543     0.00     0.00     0.00     0.00     0.00 -1 -2.14e-14      0.00 8.024e-01 1.974e-01 5.003e-05 1.352e-05 1.228e-04 -1.000 2.858e-04 6.109 7.327 6.528 6.050 5.898 5.846 5.836
0.00031003 -1.70000 10.07918 0.6314544082 2.3412250373    0.631 -0.488  3.7448  4.657    1  0.000  0.543     0.00     0.00     0.00     0.00     0.00 -1 -2.41e-14      0.00 8.056e-01 1.941e-01 4.934e-05 1.333e-05 1.211e-04 -1.000 2.918e-04 5.990 7.149 6.387 5.932 5.791 5.745 5.738
0.00031003 -1.70000 10.07918 0.6413988471 2.3471110657    0.641 -0.443  3.7506  4.643    1  0.000  0.543     0.00     0.00     0.00     0.00     0.00 -1 -1.36e-16      0.00 8.088e-01 1.909e-01 4.867e-05 1.316e-05 1.195e-04 -1.000 2.858e-04 5.879 6.986 6.257 5.824 5.691 5.652 5.646
0.00031003 -1.70000 10.07918 0.6499999762 2.3520353107    0.650 -0.404  3.7556  4.629    1  0.000  0.543     0.00     0.00     0.00     0.00     0.00 -1 -2.97e-14      0.00 8.117e-01 1.880e-01 4.807e-05 1.300e-05 1.181e-04 -1.000 2.838e-04 5.781 6.845 6.144 5.729 5.605 5.571 5.568
0.00031003 -1.70000 10.07918 0.6571703553 2.3560273365    0.657 -0.371  3.7594  4.617    1  0.000  0.542     0.00     0.00     0.00     0.00     0.00 -1 -3.23e-14      0.00 8.146e-01 1.851e-01 4.744e-05 1.283e-05 1.166e-04 -1.000 2.956e-04 5.699 6.730 6.050 5.650 5.532 5.503 5.501
0.00031003 -1.70000 10.07918 0.6692274809 2.3625187331    0.669 -0.315  3.7658  4.594    1  0.000  0.542     0.00     0.00     0.00     0.00     0.00 -1 -3.74e-14      0.00 8.200e-01 1.797e-01 4.633e-05 1.253e-05 1.139e-04 -1.000 2.896e-04 5.558 6.543 5.892 5.516 5.408 5.385 5.386
0.00031003 -1.70000 10.07918 0.6803042293 2.3682496867    0.680 -0.262  3.7716  4.571    1  0.000  0.542     0.00     0.00     0.00     0.00     0.00 -1 -3.64e-14      0.00 8.252e-01 1.745e-01 4.525e-05 1.225e-05 1.113e-04 -1.000 2.690e-04 5.426 6.371 5.746 5.390 5.291 5.273 5.276
0.00031003 -1.70000 10.07918 0.6908658743 2.3735177720    0.691 -0.210  3.7770  4.547    1  0.000  0.541     0.00     0.00     0.00     0.00     0.00 -1 -2.19e-14      0.00 8.306e-01 1.692e-01 4.414e-05 1.195e-05 1.087e-04 -1.000 2.120e-04 5.296 6.206 5.603 5.267 5.176 5.164 5.168
0.00031003 -1.70000 10.07918 0.6999999881 2.3779266974    0.700 -0.164  3.7816  4.525    1  0.000  0.541     0.00     0.00     0.00     0.00     0.00 -1 -5.61e-14      0.00 8.354e-01 1.643e-01 4.312e-05 1.168e-05 1.063e-04 -1.000 2.402e-04 5.179 6.062 5.476 5.156 5.073 5.064 5.071
0.00031003 -1.70000 10.07918 0.7014647722 2.3786214560    0.701 -0.156  3.7823  4.521    1  0.000  0.541     0.00     0.00     0.00     0.00     0.00 -1 -5.73e-14      0.00 8.363e-01 1.635e-01 4.292e-05 1.163e-05 1.058e-04 -1.000 2.462e-04 5.160 6.039 5.455 5.138 5.056 5.048 5.055
0.00031003 -1.70000 10.07918 0.7111073732 2.3831129833    0.711 -0.104  3.7868  4.493    1  0.000  0.539     0.00     0.00     0.00     0.00     0.00 -1 -6.61e-14      0.00 8.419e-01 1.579e-01 4.164e-05 1.132e-05 1.030e-04 -1.000 2.360e-04 5.031 5.885 5.315 5.014 4.939 4.936 4.944
0.00031003 -1.70000 10.07918 0.7195713520 2.3869416330    0.719 -0.057  3.7907  4.466    1  0.000  0.537     0.00     0.00     0.00     0.00     0.00 -1 -7.57e-14      0.00 8.466e-01 1.531e-01 4.056e-05 1.105e-05 1.007e-04 -1.000 2.269e-04 4.911 5.745 5.186 4.899 4.831 4.832 4.841
0.00031003 -1.70000 10.07918 0.7279286385 2.3906217328    0.727 -0.007  3.7945  4.437    1  0.000  0.535     0.00     0.00     0.00     0.00     0.00 -1 -8.72e-14      0.00 8.510e-01 1.488e-01 3.957e-05 1.081e-05 9.859e-05 -1.000 2.137e-04 4.787 5.603 5.053 4.780 4.717 4.721 4.732
0.00031003 -1.70000 10.07918 0.7351065874 2.3937058175    0.735  0.038  3.7976  4.408    1  0.000  0.533     0.00     0.00     0.00     0.00     0.00 -1 -9.94e-14      0.00 8.545e-01 1.453e-01 3.880e-05 1.063e-05 9.695e-05 -1.000 2.095e-04 4.675 5.475 4.932 4.670 4.613 4.620 4.632
0.00031003 -1.70000 10.07918 0.7420605421 2.3966283179    0.741  0.084  3.8005  4.378    1  0.000  0.532     0.00     0.00     0.00     0.00     0.00 -1 -2.17e-14      0.00 8.576e-01 1.421e-01 3.811e-05 1.046e-05 9.552e-05 -1.000 2.239e-04 4.559 5.346 4.810 4.558 4.505 4.516 4.528
0.00031003 -1.70000 10.07918 0.7490150332 2.3994887182    0.748  0.133  3.8033  4.344    1  0.000  0.530     0.00     0.00     0.00     0.00     0.00 -1 -6.26e-14      0.00 8.605e-01 1.392e-01 3.750e-05 1.032e-05 9.425e-05 -1.000 2.473e-04 4.437 5.212 4.680 4.438 4.390 4.403 4.416
0.00031003 -1.70000 10.07918 0.7500000000 2.3998889087    0.749  0.141  3.8036  4.339    1  0.000  0.530     0.00     0.00     0.00     0.00     0.00 -1 -1.35e-13      0.00 8.609e-01 1.389e-01 3.742e-05 1.030e-05 9.408e-05 -1.000 2.478e-04 4.419 5.193 4.660 4.420 4.373 4.386 4.400
0.00031003 -1.70000 10.07918 0.7538669109 2.4014484069    0.753  0.169  3.8052  4.319    1  0.000  0.530     0.00     0.00     0.00     0.00     0.00 -1 -1.47e-13      0.00 8.615e-01 1.382e-01 3.736e-05 1.028e-05 9.397e-05 -1.000 2.437e-04 4.347 5.114 4.584 4.350 4.305 4.320 4.334
0.00031003 -1.70000 10.07918 0.7604253292 2.4040517165    0.760  0.221  3.8077  4.280    1  0.000  0.529     0.00     0.00     0.00     0.00     0.00 -1 -1.72e-13      0.00 8.625e-01 1.373e-01 3.728e-05 1.026e-05 9.384e-05 -1.000 1.957e-04 4.217 4.973 4.447 4.222 4.181 4.198 4.213
0.00031003 -1.70000 10.07918 0.7664265037 2.4063889957    0.766  0.273  3.8097  4.240    1  0.000  0.529     0.00     0.00     0.00     0.00     0.00 -1 -2.02e-13      0.00 8.633e-01 1.365e-01 3.722e-05 1.025e-05 9.378e-05 -1.000 2.042e-04 4.088 4.836 4.311 4.094 4.057 4.076 4.091
0.00031003 -1.70000 10.07918 0.7720167637 2.4085286843    0.771  0.324  3.8111  4.197    1  0.000  0.529     0.00     0.00     0.00     0.00     0.00 -1 -2.38e-13      0.00 8.628e-01 1.370e-01 3.742e-05 1.031e-05 9.432e-05 -1.000 2.143e-04 3.960 4.702 4.178 3.967 3.932 3.953 3.968
0.00031003 -1.70000 10.07918 0.7758466601 2.4099741375    0.775  0.361  3.8116  4.165    1  0.000  0.529     0.00     0.00     0.00     0.00     0.00 -1  -2.7e-13      0.00 8.621e-01 1.377e-01 3.763e-05 1.037e-05 9.483e-05 -1.000 2.208e-04 3.868 4.606 4.083 3.874 3.840 3.861 3.877
0.00031003 -1.70000 10.07918 0.7771732211 2.4104709805    0.776  0.375  3.8115  4.151    1  0.000  0.529     0.00     0.00     0.00     0.00     0.00 -1 -2.84e-13      0.00 8.618e-01 1.379e-01 3.770e-05 1.039e-05 9.502e-05 -1.000 2.221e-04 3.832 4.571 4.047 3.838 3.804 3.825 3.841
0.00031003 -1.70000 10.07918 0.7823213339 2.4123807892    0.781  0.434  3.8101  4.089    1  0.000  0.529     0.00     0.00     0.00     0.00     0.00 -1 -3.45e-13      0.00 8.609e-01 1.389e-01 3.799e-05 1.047e-05 9.575e-05 -1.000 2.269e-04 3.685 4.427 3.901 3.689 3.654 3.673 3.689
0.00031003 -1.70000 10.07918 0.7862266898 2.4138103998    0.785  0.485  3.8071  4.028    1  0.000  0.529     0.00     0.00     0.00     0.00     0.00 -1 -4.16e-13      0.00 8.601e-01 1.397e-01 3.820e-05 1.053e-05 9.631e-05 -1.000 2.306e-04 3.557 4.309 3.778 3.557 3.518 3.535 3.549
0.00031003 -1.70000 10.07918 0.7868916988 2.4140522102    0.786  0.495  3.8063  4.016    1  0.000  0.529     0.00     0.00     0.00     0.00     0.00 -1 -4.33e-13      0.00 8.600e-01 1.398e-01 3.824e-05 1.054e-05 9.640e-05 -1.000 2.313e-04 3.534 4.288 3.755 3.532 3.492 3.508 3.522
0.00031003 -1.70000 10.07918 0.7875570655 2.4142936808    0.786  0.505  3.8052  4.001    2  0.000  0.529     0.00     0.00     0.00     0.00     0.00 -1 -4.51e-13      0.00 8.599e-01 1.399e-01 3.828e-05 1.055e-05 9.649e-05 -1.000 2.318e-04 3.507 4.266 3.731 3.505 3.463 3.478 3.492
0.00031003 -1.70000 10.07918 0.7897922397 2.4151014310    0.788  0.543  3.8002  3.945    2  0.000  0.529     0.00     0.00     0.00     0.00     0.00 -1 -5.22e-13      0.00 8.594e-01 1.403e-01 3.840e-05 1.058e-05 9.681e-05 -1.000 2.339e-04 3.413 4.189 3.646 3.405 3.356 3.366 3.378
0.00031003 -1.70000 10.07918 0.7914998531 2.4157149967    0.790  0.577  3.7943  3.888    2  0.000  0.529     0.00     0.00     0.00     0.00     0.00 -1 -6.01e-13      0.00 8.589e-01 1.409e-01 3.858e-05 1.063e-05 9.725e-05 -1.000 2.356e-04 3.329 4.130 3.575 3.316 3.258 3.262 3.272
0.00031003 -1.70000 10.07918 0.7928357124 2.4161928684    0.791  0.607  3.7870  3.829    2  0.000  0.529     0.00     0.00     0.00     0.00     0.00 -1 -6.89e-13      0.00 8.575e-01 1.422e-01 3.900e-05 1.075e-05 9.832e-05 -1.000 2.407e-04 3.253 4.086 3.517 3.234 3.165 3.162 3.169
0.00031003 -1.70000 10.07918 0.7939117551 2.4165764524    0.792  0.634  3.7793  3.772    2  0.000  0.529     0.00     0.00     0.00     0.00     0.00 -1 -7.83e-13      0.00 8.481e-01 1.517e-01 4.174e-05 1.149e-05 1.050e-04 -1.000 2.442e-04 3.186 4.057 3.469 3.161 3.080 3.069 3.074
0.00031003 -1.70000 10.07918 0.7948138118 2.4168970944    0.793  0.658  3.7716  3.717    2  0.000  0.531     0.00     0.00     0.00     0.00     0.00 -1 -8.83e-13      0.00 8.294e-01 1.703e-01 4.593e-05 1.262e-05 1.152e-04 -1.000 2.531e-04 3.124 4.039 3.429 3.094 3.001 2.983 2.984
0.00031003 -1.70000 10.07918 0.7956090569 2.4171790760    0.794  0.683  3.7642  3.663    2  0.000  0.533     0.00     0.00     0.00     0.00     0.00 -1  -3.5e-13      0.00 8.055e-01 1.942e-01 5.029e-05 1.379e-05 1.256e-04 -1.000 2.792e-04 3.062 4.022 3.387 3.028 2.923 2.897 2.896
0.00031003 -1.70000 10.07918 0.7963141799 2.4174285601    0.795  0.711  3.7574  3.609    2  0.000  0.535     0.00     0.00     0.00     0.00     0.00 -1 -2.74e-13      0.00 7.893e-01 2.104e-01 5.326e-05 1.458e-05 1.327e-04 -1.000 2.720e-04 2.993 3.999 3.339 2.956 2.841 2.808 2.804
0.00031003 -1.70000 10.07918 0.7970120311 2.4176749715    0.795  0.746  3.7511  3.549    2  0.000  0.536     0.00     0.00     0.00     0.00     0.00 -1 -4.15e-13      0.00 7.792e-01 2.205e-01 5.515e-05 1.509e-05 1.372e-04 -1.000 3.102e-04 2.905 3.954 3.270 2.866 2.740 2.701 2.694
0.00031003 -1.70000 10.07918 0.7975625992 2.4178690273    0.796  0.782  3.7468  3.496    2  0.000  0.536     0.00     0.00     0.00     0.00     0.00 -1  -5.9e-13      0.00 7.741e-01 2.256e-01 5.612e-05 1.535e-05 1.395e-04 -1.000 3.166e-04 2.815 3.894 3.194 2.775 2.643 2.599 2.591
0.00031003 -1.70000 10.07918 0.7979388237 2.4180014561    0.796  0.810  3.7442  3.458    2  0.000  0.536     0.00     0.00     0.00     0.00     0.00 -1 -7.61e-13      0.00 7.714e-01 2.283e-01 5.663e-05 1.548e-05 1.408e-04 -1.000 2.956e-04 2.745 3.844 3.133 2.705 2.569 2.523 2.513
0.00031003 -1.70000 10.07918 0.7981117964 2.4180622932    0.796  0.825  3.7433  3.440    3  0.000  0.536     0.00     0.00     0.00     0.00     0.00 -1  -8.6e-13      0.00 7.705e-01 2.293e-01 5.680e-05 1.553e-05 1.412e-04 -1.000 2.616e-04 2.708 3.814 3.100 2.668 2.530 2.483 2.473
0.00031003 -1.70000 10.07918 0.7985761762 2.4182254728    0.797  0.866  3.7409  3.389    3  0.000  0.537     0.00     0.00     0.00     0.00     0.00 -1 -1.19e-12      0.00 7.680e-01 2.317e-01 5.722e-05 1.564e-05 1.422e-04 -1.000 3.392e-04 2.605 3.728 3.004 2.565 2.423 2.373 2.362
0.00031003 -1.70000 10.07918 0.7990843058 2.4184037760    0.797  0.915  3.7386  3.331    3  0.000  0.537     0.00     0.00     0.00     0.00     0.00 -1 -1.73e-12      0.00 7.656e-01 2.341e-01 5.759e-05 1.574e-05 1.431e-04 -1.000 3.192e-04 2.481 3.624 2.889 2.442 2.297 2.244 2.232
0.00031003 -1.70000 10.07918 0.7995159030 2.4185550191    0.797  0.960  3.7369  3.279    3  0.000  0.537     0.00     0.00     0.00     0.00     0.00 -1 -2.41e-12      0.00 7.638e-01 2.359e-01 5.784e-05 1.581e-05 1.437e-04 -1.000 3.184e-04 2.369 3.526 2.783 2.330 2.182 2.128 2.114
0.00031003 -1.70000 10.07918 0.7999285460 2.4186994447    0.798  1.006  3.7352  3.227    3  0.000  0.537     0.00     0.00     0.00     0.00     0.00 -1 -3.35e-12      0.00 7.621e-01 2.375e-01 5.805e-05 1.587e-05 1.442e-04 -1.000 3.435e-04 2.254 3.424 2.674 2.216 2.065 2.009 1.995
0.00031003 -1.70000 10.07918 0.8000000119 2.4187244405    0.798  1.015  3.7349  3.217    3  0.000  0.537     0.00     0.00     0.00     0.00     0.00 -1 -3.55e-12      0.00 7.618e-01 2.378e-01 5.808e-05 1.588e-05 1.443e-04 -1.000 3.434e-04 2.233 3.405 2.653 2.195 2.044 1.987 1.973
0.00031003 -1.70000 10.07918 0.8003493547 2.4188465520    0.798  1.056  3.7336  3.170    3  0.000  0.537     0.00     0.00     0.00     0.00     0.00 -1 -4.12e-12      0.00 7.603e-01 2.393e-01 5.823e-05 1.592e-05 1.446e-04 -1.000 3.434e-04 2.129 3.312 2.554 2.091 1.938 1.880 1.865
0.00031003 -1.70000 10.07918 0.8007363081 2.4189816670    0.798  1.106  3.7320  3.114    3  0.000  0.537     0.00     0.00     0.00     0.00     0.00 -1 -4.93e-12      0.00 7.588e-01 2.409e-01 5.835e-05 1.596e-05 1.450e-04 -1.000 3.399e-04 2.004 3.199 2.435 1.967 1.812 1.752 1.736
0.00031003 -1.70000 10.07918 0.8010836840 2.4191028347    0.799  1.155  3.7305  3.060    3  0.000  0.536     0.00     0.00     0.00     0.00     0.00 -1 -5.87e-12      0.00 7.574e-01 2.423e-01 5.841e-05 1.601e-05 1.453e-04 -1.000 3.233e-04 1.883 3.090 2.319 1.847 1.689 1.627 1.611
0.00031003 -1.70000 10.07918 0.8013873696 2.4192086640    0.799  1.201  3.7291  3.008    3  0.000  0.536     0.00     0.00     0.00     0.00     0.00 -1 -6.92e-12      0.00 7.562e-01 2.435e-01 5.842e-05 1.606e-05 1.455e-04 -1.000 3.142e-04 1.768 2.986 2.209 1.733 1.573 1.509 1.492
0.00031003 -1.70000 10.07918 0.8016832471 2.4193116835    0.799  1.250  3.7277  2.953    3  0.000  0.534     0.00     0.00     0.00     0.00     0.00 -1 -8.25e-12      0.00 7.550e-01 2.447e-01 5.836e-05 1.613e-05 1.457e-04 -1.000 3.422e-04 1.646 2.877 2.092 1.612 1.449 1.384 1.366
0.00031003 -1.70000 10.07918 0.8019669652 2.4194103872    0.799  1.301  3.7261  2.896    3  0.000  0.533     0.00     0.00     0.00     0.00     0.00 -1 -9.91e-12      0.00 7.540e-01 2.457e-01 5.824e-05 1.622e-05 1.458e-04 -1.000 3.260e-04 1.518 2.763 1.970 1.484 1.320 1.253 1.234
0.00031003 -1.70000 10.07918 0.8022049665 2.4194931244    0.799  1.348  3.7246  2.843    3  0.000  0.531     0.00     0.00     0.00     0.00     0.00 -1 -1.17e-11      0.00 7.532e-01 2.465e-01 5.811e-05 1.634e-05 1.460e-04 -1.000 3.115e-04 1.401 2.659 1.859 1.368 1.202 1.133 1.113
0.00031003 -1.70000 10.07918 0.8024219275 2.4195684982    0.799  1.394  3.7231  2.791    3  0.000  0.530     0.00     0.00     0.00     0.00     0.00 -1 -1.39e-11      0.00 7.525e-01 2.472e-01 5.796e-05 1.647e-05 1.460e-04 -1.000 3.433e-04 1.284 2.556 1.748 1.253 1.084 1.013 0.993
0.00031003 -1.70000 10.07918 0.8026259542 2.4196393357    0.799  1.442  3.7215  2.737    3  0.000  0.528     0.00     0.00     0.00     0.00     0.00 -1 -1.65e-11      0.00 7.519e-01 2.477e-01 5.781e-05 1.661e-05 1.461e-04 -1.000 3.428e-04 1.165 2.450 1.635 1.135 0.963 0.891 0.870
0.00031003 -1.70000 10.07918 0.8028063774 2.4197019436    0.799  1.488  3.7199  2.684    3  0.000  0.527     0.00     0.00     0.00     0.00     0.00 -1 -1.95e-11      0.00 7.516e-01 2.481e-01 5.769e-05 1.673e-05 1.462e-04 -1.000 3.423e-04 1.050 2.349 1.526 1.021 0.847 0.772 0.750
0.00031003 -1.70000 10.07918 0.8029779196 2.4197614398    0.799  1.536  3.7182  2.630    3  0.000  0.526     0.00     0.00     0.00     0.00     0.00 -1 -2.31e-11      0.00 7.513e-01 2.484e-01 5.760e-05 1.683e-05 1.462e-04 -1.000 3.429e-04 0.930 2.245 1.413 0.902 0.725 0.649 0.626
0.00031003 -1.70000 10.07918 0.8031291366 2.4198138623    0.799  1.582  3.7166  2.577    3  0.000  0.526     0.00     0.00     0.00     0.00     0.00 -1 -2.74e-11      0.00 7.511e-01 2.486e-01 5.754e-05 1.689e-05 1.462e-04 -1.000 3.435e-04 0.814 2.144 1.304 0.788 0.608 0.530 0.506
0.00031003 -1.70000 10.07918 0.8032637239 2.4198605008    0.799  1.627  3.7150  2.525    3  0.000  0.525     0.00     0.00     0.00     0.00     0.00 -1 -3.22e-11      0.00 7.510e-01 2.487e-01 5.751e-05 1.693e-05 1.462e-04 -1.000 3.435e-04 0.702 2.048 1.200 0.677 0.495 0.415 0.390
0.00031003 -1.70000 10.07918 0.8033919334 2.4199049124    0.799  1.674  3.7132  2.472    3  0.000  0.525     0.00     0.00     0.00     0.00     0.00 -1 -3.81e-11      0.00 7.510e-01 2.487e-01 5.749e-05 1.694e-05 1.462e-04 -1.000 3.436e-04 0.586 1.949 1.090 0.562 0.377 0.295 0.269
0.00031003 -1.70000 10.07918 0.8035079837 2.4199450980    0.799  1.720  3.7115  2.419    3  0.000  0.525     0.00     0.00     0.00     0.00     0.00 -1 -4.51e-11      0.00 7.510e-01 2.487e-01 5.749e-05 1.695e-05 1.462e-04 -1.000 3.435e-04 0.471 1.853 0.983 0.448 0.260 0.176 0.149
0.00031003 -1.70000 10.07918 0.8036102057 2.4199804841    0.799  1.764  3.7098  2.368    3  0.000  0.525     0.00     0.00     0.00     0.00     0.00 -1 -5.29e-11      0.00 7.510e-01 2.487e-01 5.749e-05 1.695e-05 1.462e-04 -1.000 3.435e-04 0.360 1.762 0.880 0.338 0.148 0.062 0.034
0.00031003 -1.70000 10.07918 0.8037040830 2.4200129725    0.799  1.808  3.7080  2.317    3  0.000  0.525     0.00     0.00     0.00     0.00     0.00 -1 -6.21e-11      0.00 7.510e-01 2.487e-01 5.748e-05 1.696e-05 1.462e-04 -1.000 3.435e-04 0.251 1.674 0.779 0.230 0.037 -0.052 -0.080
0.00031003 -1.70000 10.07918 0.8037948608 2.4200443799    0.799  1.854  3.7062  2.264    3  0.000  0.525     0.00     0.00     0.00     0.00     0.00 -1 -7.34e-11      0.00 7.510e-01 2.487e-01 5.748e-05 1.696e-05 1.463e-04 -1.000 3.435e-04 0.136 1.581 0.673 0.117 -0.080 -0.170 -0.200
0.00031003 -1.70000 10.07918 0.8038744330 2.4200719036    0.798  1.897  3.7044  2.212    3  0.000  0.525     0.00     0.00     0.00     0.00     0.00 -1 -8.61e-11      0.00 7.509e-01 2.487e-01 5.748e-05 1.697e-05 1.463e-04 -1.000 3.435e-04 0.027 1.495 0.573 0.009 -0.191 -0.283 -0.313
0.00031003 -1.70000 10.07918 0.8039475679 2.4200971952    0.798  1.940  3.7026  2.162    3  0.000  0.525     0.00     0.00     0.00     0.00     0.00 -1 -1.01e-10      0.00 7.509e-01 2.487e-01 5.747e-05 1.697e-05 1.463e-04 -1.000 3.436e-04 -0.081 1.409 0.475 -0.098 -0.300 -0.395 -0.426
0.00031003 -1.70000 10.07918 0.8040168285 2.4201211421    0.798  1.984  3.7007  2.110    3  0.000  0.525     0.00     0.00     0.00     0.00     0.00 -1 -1.18e-10      0.00 7.509e-01 2.487e-01 5.747e-05 1.697e-05 1.463e-04 -1.000 3.435e-04 -0.191 1.321 0.374 -0.206 -0.412 -0.509 -0.541
0.00031003 -1.70000 10.07918 0.8040777445 2.4201421999    0.797  2.026  3.6989  2.062    3  0.000  0.525     0.00     0.00     0.00     0.00     0.00 -1 -1.38e-10      0.00 7.509e-01 2.487e-01 5.747e-05 1.697e-05 1.463e-04 -1.000 3.435e-04 -0.294 1.243 0.281 -0.307 -0.516 -0.615 -0.649
0.00031003 -1.70000 10.07918 0.8041364551 2.4201624919    0.797  2.066  3.6971  2.014    3  0.000  0.525     0.00     0.00     0.00     0.00     0.00 -1  -1.6e-10      0.00 7.509e-01 2.487e-01 5.747e-05 1.698e-05 1.463e-04 -1.000 3.435e-04 -0.395 1.165 0.190 -0.406 -0.619 -0.720 -0.754
0.00031003 -1.70000 10.07918 0.8041973710 2.4201835425    0.796  2.106  3.6954  1.967    3  0.000  0.525     0.00     0.00     0.00     0.00     0.00 -1 -1.85e-10      0.00 7.509e-01 2.487e-01 5.747e-05 1.698e-05 1.463e-04 -1.000 3.434e-04 -0.494 1.092 0.101 -0.503 -0.719 -0.822 -0.858
0.00031003 -1.70000 10.07918 0.8042518497 2.4202023654    0.796  2.130  3.6944  1.938    3  0.000  0.525     0.00     0.00     0.00     0.00     0.00 -1 -2.03e-10      0.00 7.509e-01 2.487e-01 5.746e-05 1.698e-05 1.463e-04 -1.000 3.435e-04 -0.555 1.047 0.046 -0.562 -0.780 -0.885 -0.921
0.00031003 -1.70000 10.07918 0.8042885065 2.4202150291    0.796  2.119  3.6951  1.953    3  0.000  0.525     0.00     0.00     0.00     0.00     0.00 -1 -1.96e-10      0.00 7.509e-01 2.487e-01 5.746e-05 1.698e-05 1.463e-04 -1.000 3.435e-04 -0.527 1.064 0.070 -0.535 -0.751 -0.855 -0.891
0.00031003 -1.70000 10.07918 0.8042933941 2.4202167175    0.796  2.117  3.6953  1.955    3  0.000  0.525     0.00     0.00     0.00     0.00     0.00 -1 -1.95e-10      0.00 7.509e-01 2.487e-01 5.746e-05 1.698e-05 1.463e-04 -1.000 3.435e-04 -0.523 1.066 0.073 -0.532 -0.748 -0.852 -0.887
0.00031003 -1.70000 10.07918 0.8043211102 2.4202262915    0.795  2.143  3.6940  1.923    3  0.000  0.525     0.00     0.00     0.00     0.00     0.00 -1 -2.13e-10      0.00 7.509e-01 2.487e-01 5.746e-05 1.699e-05 1.463e-04 -1.000 3.435e-04 -0.588 1.019 0.015 -0.596 -0.814 -0.919 -0.955
0.00031003 -1.70000 10.07918 0.8043631315 2.4202408054    0.795  2.185  3.6921  1.873    3  0.000  0.525     0.00     0.00     0.00     0.00     0.00 -1 -2.47e-10      0.00 7.509e-01 2.487e-01 5.746e-05 1.699e-05 1.463e-04 -1.000 3.435e-04 -0.693 0.945 -0.078 -0.698 -0.920 -1.028 -1.065
0.00031003 -1.70000 10.07918 0.8044022322 2.4202543090    0.794  2.227  3.6901  1.824    3  0.000  0.525     0.00     0.00     0.00     0.00     0.00 -1 -2.88e-10      0.00 7.509e-01 2.488e-01 5.746e-05 1.699e-05 1.463e-04 -1.000 3.435e-04 -0.797 0.873 -0.169 -0.799 -1.025 -1.136 -1.174
0.00031003 -1.70000 10.07918 0.8044382930 2.4202667614    0.794  2.268  3.6881  1.774    3  0.000  0.525     0.00     0.00     0.00     0.00     0.00 -1 -3.36e-10      0.00 7.509e-01 2.488e-01 5.746e-05 1.699e-05 1.463e-04 -1.000 3.435e-04 -0.899 0.803 -0.259 -0.898 -1.128 -1.241 -1.281
0.00031003 -1.70000 10.07918 0.8044700027 2.4202777103    0.793  2.306  3.6861  1.727    3  0.000  0.525     0.00     0.00     0.00     0.00     0.00 -1 -3.87e-10      0.00 7.509e-01 2.488e-01 5.746e-05 1.699e-05 1.463e-04 -1.000 3.435e-04 -0.996 0.740 -0.342 -0.992 -1.225 -1.341 -1.382
0.00031003 -1.70000 10.07918 0.8045008779 2.4202883701    0.793  2.347  3.6841  1.679    3  0.000  0.525     0.00     0.00     0.00     0.00     0.00 -1  -4.5e-10      0.00 7.509e-01 2.488e-01 5.746e-05 1.699e-05 1.463e-04 -1.000 3.435e-04 -1.097 0.683 -0.429 -1.091 -1.327 -1.446 -1.488
0.00031003 -1.70000 10.07918 0.8045280576 2.4202977532    0.792  2.385  3.6820  1.632    3  0.000  0.525     0.00     0.00     0.00     0.00     0.00 -1 -5.18e-10      0.00 7.509e-01 2.488e-01 5.746e-05 1.700e-05 1.463e-04 -1.000 3.435e-04 -1.192 0.639 -0.508 -1.184 -1.425 -1.546 -1.589
0.00031003 -1.70000 10.07918 0.8045544028 2.4203068475    0.791  2.424  3.6801  1.585    3  0.000  0.525     0.00     0.00     0.00     0.00     0.00 -1 -5.99e-10      0.00 7.509e-01 2.488e-01 5.745e-05 1.700e-05 1.463e-04 -1.000 3.435e-04 -1.290 0.590 -0.591 -1.282 -1.525 -1.649 -1.693
0.00031003 -1.70000 10.07918 0.8045777678 2.4203149125    0.791  2.461  3.6781  1.539    3  0.000  0.525     0.00     0.00     0.00     0.00     0.00 -1 -6.89e-10      0.00 7.509e-01 2.488e-01 5.745e-05 1.700e-05 1.463e-04 -1.000 3.435e-04 -1.383 0.552 -0.666 -1.373 -1.621 -1.747 -1.793
0.00031003 -1.70000 10.07918 0.8046050072 2.4203243141    0.789  2.508  3.6755  1.481    3  0.000  0.525     6.94     5.50     3.91     3.02     2.44  3  -8.2e-10      0.00 7.509e-01 2.488e-01 5.745e-05 1.700e-05 1.463e-04 -1.000 3.436e-04 -1.500 0.510 -0.759 -1.487 -1.740 -1.870 -1.917
0.00031003 -1.70000 10.07918 0.8046292663 2.4203326865    0.788  2.553  3.6730  1.426    3  0.000  0.525     7.80     6.08     4.30     3.33     2.69  3  -9.7e-10      0.00 7.509e-01 2.488e-01 5.745e-05 1.700e-05 1.463e-04 -1.000 3.435e-04 -1.613 0.477 -0.845 -1.597 -1.855 -1.988 -2.037
0.00031003 -1.70000 10.07918 0.8046482801 2.4203392482    0.787  2.591  3.6709  1.379    3  0.000  0.525     8.62     6.62     4.66     3.61     2.92  3 -1.12e-09      0.00 7.509e-01 2.488e-01 5.745e-05 1.700e-05 1.463e-04 -1.000 3.435e-04 -1.708 0.455 -0.916 -1.689 -1.953 -2.089 -2.139
0.00031003 -1.70000 10.07918 0.8046684861 2.4203462210    0.786  2.634  3.6684  1.325    3  0.000  0.525     9.65     7.29     5.11     3.97     3.21  3 -1.31e-09      0.00 7.509e-01 2.488e-01 5.745e-05 1.700e-05 1.463e-04 -1.000 3.435e-04 -1.815 0.436 -0.994 -1.793 -2.063 -2.202 -2.254
0.00031003 -1.70000 10.07918 0.8046846986 2.4203518153    0.785  2.671  3.6663  1.279    3  0.000  0.525    10.64     7.93     5.53     4.30     3.48  3 -1.51e-09      0.00 7.509e-01 2.488e-01 5.745e-05 1.700e-05 1.463e-04 -1.000 3.436e-04 -1.908 0.424 -1.060 -1.882 -2.157 -2.300 -2.353
0.00031003 -1.70000 10.07918 0.8047017455 2.4203576973    0.784  2.713  3.6638  1.226    3  0.000  0.525    11.89     8.71     6.06     4.72     3.82  3 -1.77e-09      0.00 7.509e-01 2.488e-01 5.745e-05 1.700e-05 1.463e-04 -1.000 3.436e-04 -2.012 0.421 -1.129 -1.980 -2.263 -2.409 -2.464
0.00031003 -1.70000 10.07918 0.8047180772 2.4203633323    0.782  2.756  3.6612  1.172    3  0.000  0.525    13.33     9.60     6.65     5.18     4.20  2 -2.08e-09      0.00 7.509e-01 2.488e-01 5.745e-05 1.700e-05 1.463e-04 -1.000 3.435e-04 -2.119 0.422 -1.200 -2.083 -2.372 -2.522 -2.580
0.00031003 -1.70000 10.07918 0.8047333360 2.4203685968    0.780  2.799  3.6585  1.118    3  0.000  0.525    14.95    10.59     7.30     5.70     4.62  2 -2.45e-09      0.00 7.509e-01 2.488e-01 5.745e-05 1.700e-05 1.463e-04 -1.000 3.435e-04 -2.227 0.434 -1.266 -2.183 -2.481 -2.635 -2.694
0.00031003 -1.70000 10.07918 0.8047466278 2.4203731825    0.778  2.839  3.6560  1.067    3  0.000  0.525    16.65    11.61     7.97     6.23     5.05  2 -2.85e-09      0.00 7.509e-01 2.488e-01 5.745e-05 1.701e-05 1.463e-04 -1.000 3.435e-04 -2.327 0.424 -1.330 -2.274 -2.579 -2.738 -2.799
0.00031003 -1.70000 10.07918 0.8047595620 2.4203776447    0.776  2.881  3.6534  1.013    3  0.000  0.525    18.63    12.78     8.73     6.84     5.54  2 -3.34e-09      0.00 7.509e-01 2.488e-01 5.745e-05 1.701e-05 1.463e-04 -1.000 3.435e-04 -2.431 0.406 -1.398 -2.368 -2.681 -2.844 -2.908
0.00031003 -1.70000 10.07918 0.8047708273 2.4203815309    0.774  2.920  3.6509  0.963    3  0.000  0.525    20.71    13.98     9.51     7.46     6.05  2 -3.87e-09      0.00 7.509e-01 2.488e-01 5.745e-05 1.701e-05 1.463e-04 -1.000 3.435e-04 -2.529 0.398 -1.458 -2.454 -2.776 -2.944 -3.010
0.00031003 -1.70000 10.07918 0.8047817349 2.4203852937    0.772  2.960  3.6483  0.911    3  0.000  0.525    23.11    15.34    10.40     8.17     6.62  2 -4.52e-09      0.00 7.509e-01 2.488e-01 5.745e-05 1.701e-05 1.463e-04 -1.000 3.435e-04 -2.629 0.394 -1.515 -2.542 -2.873 -3.046 -3.114
0.00031003 -1.70000 10.07918 0.8047919869 2.4203888302    0.770  3.000  3.6457  0.859    3  0.000  0.525    25.77    16.84    11.36     8.94     7.25  1 -5.27e-09      0.00 7.509e-01 2.488e-01 5.745e-05 1.701e-05 1.463e-04 -1.000 3.435e-04 -2.729 0.388 -1.573 -2.629 -2.969 -3.147 -3.217
0.00031003 -1.70000 10.07918 0.8048009276 2.4203919143    0.767  3.037  3.6432  0.811    3  0.000  0.525    28.55    18.37    12.34     9.73     7.89  1 -6.09e-09      0.00 7.509e-01 2.488e-01 5.745e-05 1.701e-05 1.463e-04 -1.000 3.435e-04 -2.822 0.387 -1.625 -2.709 -3.058 -3.242 -3.314
0.00031003 -1.70000 10.07918 0.8048095703 2.4203948955    0.764  3.075  3.6406  0.760    3  0.000  0.525    31.74    20.09    13.45    10.61     8.61  1 -7.05e-09      0.00 7.509e-01 2.488e-01 5.745e-05 1.701e-05 1.463e-04 -1.000 3.435e-04 -2.917 0.386 -1.678 -2.791 -3.149 -3.338 -3.412
0.00031003 -1.70000 10.07918 0.8048176765 2.4203976915    0.761  3.113  3.6381  0.711    3  0.000  0.525    35.23    21.96    14.64    11.56     9.38  1 -8.15e-09      0.00 7.509e-01 2.488e-01 5.745e-05 1.701e-05 1.463e-04 -1.000 3.435e-04 -3.012 0.385 -1.728 -2.871 -3.239 -3.433 -3.509
0.00031003 -1.70000 10.07918 0.8048250675 2.4204002408    0.757  3.149  3.6355  0.662    3  0.000  0.525    39.02    23.94    15.89    12.58    10.21  1  -9.4e-09      0.00 7.509e-01 2.488e-01 5.745e-05 1.701e-05 1.463e-04 -1.000 3.435e-04 -3.103 0.389 -1.772 -2.946 -3.324 -3.523 -3.602
0.00031003 -1.70000 10.07918 0.8048323989 2.4204027695    0.754  3.187  3.6330  0.612    3  0.000  0.525    43.41    26.21    17.33    13.73    11.15  1 -1.09e-08      0.00 7.509e-01 2.488e-01 5.745e-05 1.701e-05 1.463e-04 -1.000 3.435e-04 -3.199 0.390 -1.819 -3.025 -3.413 -3.619 -3.700
0.00031003 -1.70000 10.07918 0.8048389554 2.4204050309    0.750  3.223  3.6305  0.564    3  0.000  0.525    48.01    28.54    18.79    14.92    12.11  1 -1.26e-08      0.00 7.509e-01 2.488e-01 5.745e-05 1.701e-05 1.463e-04 -1.000 3.435e-04 -3.288 0.393 -1.862 -3.099 -3.497 -3.708 -3.791
0.00031003 -1.70000 10.07918 0.8048452735 2.4204072101    0.745  3.259  3.6280  0.515    3  0.000  0.525    53.16    31.11    20.40    16.21    13.17  1 -1.45e-08      0.00 7.509e-01 2.488e-01 5.744e-05 1.701e-05 1.463e-04 -1.000 3.435e-04 -3.378 0.395 -1.904 -3.171 -3.580 -3.796 -3.882
0.00031003 -1.70000 10.07918 0.8048506379 2.4204090602    0.741  3.287  3.6261  0.477    3  0.000  0.525    57.64    33.30    21.77    17.32    14.07  1 -1.63e-08      0.00 7.509e-01 2.488e-01 5.744e-05 1.701e-05 1.463e-04 -1.000 3.436e-04 -3.449 0.396 -1.934 -3.227 -3.645 -3.866 -3.954
0.00031003 -1.70000 10.07918 0.8048506379 2.4204090602    0.741  1.702  3.8236  2.852    4  0.000  0.528     0.00     0.00     0.00     0.00     0.00 -1    -1e-30      0.00 7.483e-01 2.513e-01 5.873e-05 1.705e-05 1.487e-04 -1.000 3.435e-04 0.514 1.138 0.603 0.482 0.491 0.513 0.531
0.00031003 -1.70000 10.07918 0.8048539162 2.4204101909    0.741  1.708  3.8214  2.837    4  0.000  0.528     0.00     0.00     0.00     0.00     0.00 -1    -1e-30      0.00 7.483e-01 2.513e-01 5.873e-05 1.705e-05 1.487e-04 -1.000 3.436e-04 0.499 1.131 0.594 0.466 0.471 0.491 0.508
0.00031003 -1.70000 10.07918 0.8049089909 2.4204291841    0.741  1.723  3.8163  2.802    4  0.000  0.528     0.00     0.00     0.00     0.00     0.00 -1    -1e-30      0.00 7.483e-01 2.513e-01 5.873e-05 1.705e-05 1.487e-04 -1.000 3.436e-04 0.463 1.115 0.572 0.427 0.422 0.439 0.455
0.00031003 -1.70000 10.07918 0.8049646616 2.4204483798    0.741  1.724  3.8169  2.803    4  0.000  0.528     0.00     0.00     0.00     0.00     0.00 -1    -1e-30      0.00 7.483e-01 2.513e-01 5.873e-05 1.705e-05 1.487e-04 -1.000 3.435e-04 0.460 1.109 0.567 0.424 0.420 0.438 0.454
0.00031003 -1.70000 10.07918 0.8050215244 2.4204679834    0.741  1.724  3.8178  2.807    4  0.000  0.528     0.00     0.00     0.00     0.00     0.00 -1    -1e-30      0.00 7.483e-01 2.513e-01 5.873e-05 1.705e-05 1.487e-04 -1.000 3.435e-04 0.459 1.104 0.563 0.423 0.422 0.440 0.456
0.00031003 -1.70000 10.07918 0.8050779104 2.4204874195    0.741  1.724  3.8190  2.812    4  0.000  0.528     0.00     0.00     0.00     0.00     0.00 -1    -1e-30      0.00 7.483e-01 2.513e-01 5.873e-05 1.705e-05 1.487e-04 -1.000 3.435e-04 0.459 1.099 0.560 0.424 0.424 0.443 0.460
0.00031003 -1.70000 10.07918 0.8051309586 2.4205057022    0.741  1.724  3.8203  2.817    4  0.000  0.528     0.00     0.00     0.00     0.00     0.00 -1    -1e-30      0.00 7.483e-01 2.513e-01 5.873e-05 1.705e-05 1.487e-04 -1.000 3.435e-04 0.459 1.095 0.556 0.425 0.428 0.448 0.465
0.00031003 -1.70000 10.07918 0.8051831126 2.4205236740    0.741  1.724  3.8217  2.823    4  0.000  0.528     0.00     0.00     0.00     0.00     0.00 -1    -1e-30      0.00 7.483e-01 2.513e-01 5.873e-05 1.705e-05 1.487e-04 -1.000 3.434e-04 0.461 1.090 0.554 0.427 0.432 0.453 0.470
0.00031003 -1.70000 10.07918 0.8052358031 2.4205418280    0.741  1.723  3.8232  2.830    4  0.000  0.528     0.00     0.00     0.00     0.00     0.00 -1    -1e-30      0.00 7.483e-01 2.513e-01 5.873e-05 1.705e-05 1.487e-04 -1.000 3.435e-04 0.462 1.086 0.551 0.429 0.437 0.459 0.477
0.00031003 -1.70000 10.07918 0.8052909970 2.4205608416    0.741  1.723  3.8247  2.836    4  0.000  0.528     0.00     0.00     0.00     0.00     0.00 -1    -1e-30      0.00 7.483e-01 2.513e-01 5.873e-05 1.705e-05 1.487e-04 -1.000 3.436e-04 0.464 1.082 0.548 0.432 0.443 0.465 0.483
0.00031003 -1.70000 10.07918 0.8053453565 2.4205795647    0.741  1.722  3.8260  2.842    4  0.000  0.528     0.00     0.00     0.00     0.00     0.00 -1    -1e-30      0.00 7.483e-01 2.513e-01 5.873e-05 1.705e-05 1.487e-04 -1.000 3.436e-04 0.465 1.078 0.545 0.434 0.447 0.470 0.489
0.00031003 -1.70000 10.07918 0.8054013252 2.4205988392    0.741  1.722  3.8271  2.847    4  0.000  0.528     0.00     0.00     0.00     0.00     0.00 -1    -1e-30      0.00 7.483e-01 2.513e-01 5.873e-05 1.705e-05 1.487e-04 -1.000 3.436e-04 0.466 1.075 0.543 0.435 0.450 0.474 0.493
0.00031003 -1.70000 10.07918 0.8054568172 2.4206179463    0.742  1.722  3.8279  2.850    4  0.000  0.528     0.00     0.00     0.00     0.00     0.00 -1    -1e-30      0.00 7.483e-01 2.513e-01 5.873e-05 1.705e-05 1.487e-04 -1.000 3.435e-04 0.466 1.072 0.541 0.436 0.452 0.477 0.496
0.00031003 -1.70000 10.07918 0.8055116534 2.4206368248    0.742  1.722  3.8282  2.851    4  0.000  0.528     0.00     0.00     0.00     0.00     0.00 -1    -1e-30      0.00 7.483e-01 2.513e-01 5.873e-05 1.705e-05 1.487e-04 -1.000 3.434e-04 0.465 1.070 0.540 0.436 0.453 0.478 0.497
0.00031003 -1.70000 10.07918 0.8055648208 2.4206551259    0.742  1.722  3.8281  2.850    4  0.000  0.528     0.00     0.00     0.00     0.00     0.00 -1    -1e-30      0.00 7.483e-01 2.513e-01 5.873e-05 1.705e-05 1.487e-04 -1.000 3.435e-04 0.465 1.070 0.539 0.435 0.452 0.476 0.496
0.00031003 -1.70000 10.07918 0.8055880070 2.4206631061    0.742  1.722  3.8280  2.850    4  0.000  0.528     0.00     0.00     0.00     0.00     0.00 -1    -1e-30      0.00 7.483e-01 2.513e-01 5.873e-05 1.705e-05 1.487e-04 -1.000 3.435e-04 0.464 1.070 0.539 0.434 0.451 0.476 0.495
0.00031003 -1.70000 10.07918 0.8056001067 2.4206672703    0.742  1.723  3.8278  2.849    4  0.000  0.528     0.00     0.00     0.00     0.00     0.00 -1    -1e-30      0.00 7.483e-01 2.513e-01 5.873e-05 1.705e-05 1.487e-04 -1.000 3.436e-04 0.464 1.070 0.539 0.433 0.450 0.474 0.493
0.00031003 -1.70000 10.07918 0.8056533337 2.4206855873    0.742  1.724  3.8267  2.844    4  0.000  0.528     0.00     0.00     0.00     0.00     0.00 -1    -1e-30      0.00 7.483e-01 2.513e-01 5.873e-05 1.705e-05 1.487e-04 -1.000 3.435e-04 0.461 1.072 0.540 0.430 0.445 0.469 0.488
0.00031003 -1.70000 10.07918 0.8057072163 2.4207041271    0.742  1.725  3.8251  2.836    4  0.000  0.528     0.00     0.00     0.00     0.00     0.00 -1    -1e-30      0.00 7.483e-01 2.513e-01 5.873e-05 1.705e-05 1.487e-04 -1.000 3.435e-04 0.458 1.074 0.541 0.426 0.438 0.460 0.479
0.00031003 -1.70000 10.07918 0.8057601452 2.4207223359    0.742  1.727  3.8229  2.825    4  0.000  0.528     0.00     0.00     0.00     0.00     0.00 -1    -1e-30      0.00 7.483e-01 2.513e-01 5.873e-05 1.705e-05 1.487e-04 -1.000 3.435e-04 0.453 1.078 0.543 0.420 0.428 0.449 0.467
0.00031003 -1.70000 10.07918 0.8058122993 2.4207402755    0.742  1.729  3.8202  2.812    4  0.000  0.528     0.00     0.00     0.00     0.00     0.00 -1    -1e-30      0.00 7.483e-01 2.513e-01 5.873e-05 1.705e-05 1.487e-04 -1.000 3.436e-04 0.448 1.084 0.545 0.414 0.416 0.436 0.453
0.00031003 -1.70000 10.07918 0.8058642745 2.4207581509    0.742  1.731  3.8169  2.797    4  0.000  0.528     0.00     0.00     0.00     0.00     0.00 -1    -1e-30      0.00 7.483e-01 2.513e-01 5.873e-05 1.705e-05 1.487e-04 -1.000 3.436e-04 0.442 1.091 0.549 0.406 0.402 0.420 0.436
0.00031003 -1.70000 10.07918 0.8059158325 2.4207758802    0.742  1.734  3.8130  2.778    4  0.000  0.528     0.00     0.00     0.00     0.00     0.00 -1    -1e-30      0.00 7.483e-01 2.513e-01 5.873e-05 1.705e-05 1.487e-04 -1.000 3.436e-04 0.435 1.099 0.552 0.396 0.386 0.401 0.416
0.00031003 -1.70000 10.07918 0.8059675097 2.4207936479    0.742  1.737  3.8088  2.758    4  0.000  0.528     0.00     0.00     0.00     0.00     0.00 -1    -1e-30      0.00 7.483e-01 2.513e-01 5.873e-05 1.705e-05 1.487e-04 -1.000 3.435e-04 0.427 1.110 0.558 0.386 0.369 0.380 0.393
0.00031003 -1.70000 10.07918 0.8059723973 2.4207953282    0.742  1.738  3.8083  2.756    4  0.000  0.528     0.00     0.00     0.00     0.00     0.00 -1    -1e-30      0.00 7.483e-01 2.513e-01 5.873e-05 1.705e-05 1.487e-04 -1.000 3.435e-04 0.426 1.111 0.559 0.385 0.367 0.378 0.391
0.00031003 -1.70000 10.07918 0.8059811592 2.4207983404    0.742  1.738  3.8075  2.752    4  0.000  0.528     0.00     0.00     0.00     0.00     0.00 -1    -1e-30      0.00 7.483e-01 2.513e-01 5.873e-05 1.705e-05 1.487e-04 -1.000 3.436e-04 0.424 1.113 0.560 0.383 0.364 0.374 0.387
0.00031003 -1.70000 10.07918 0.8060327768 2.4208160843    0.742  1.742  3.8027  2.729    4  0.000  0.528     0.00     0.00     0.00     0.00     0.00 -1    -1e-30      0.00 7.483e-01 2.513e-01 5.873e-05 1.705e-05 1.487e-04 -1.000 3.436e-04 0.414 1.126 0.566 0.372 0.344 0.351 0.362
0.00031003 -1.70000 10.07918 0.8060831428 2.4208333953    0.742  1.746  3.7979  2.706    4  0.000  0.528     0.00     0.00     0.00     0.00     0.00 -1    -1e-30      0.00 7.483e-01 2.513e-01 5.873e-05 1.705e-05 1.487e-04 -1.000 3.436e-04 0.404 1.139 0.572 0.361 0.324 0.327 0.337
0.00031003 -1.70000 10.07918 0.8061370254 2.4208519124    0.742  1.751  3.7925  2.679    4  0.000  0.528     0.00     0.00     0.00     0.00     0.00 -1    -1e-30      0.00 7.483e-01 2.513e-01 5.873e-05 1.705e-05 1.487e-04 -1.000 3.435e-04 0.392 1.155 0.579 0.347 0.301 0.300 0.307
0.00031003 -1.70000 10.07918 0.8061882854 2.4208695255    0.742  1.756  3.7873  2.653    4  0.000  0.528     0.00     0.00     0.00     0.00     0.00 -1    -1e-30      0.00 7.483e-01 2.513e-01 5.873e-05 1.705e-05 1.487e-04 -1.000 3.436e-04 0.379 1.169 0.584 0.334 0.278 0.272 0.278
0.00031003 -1.70000 10.07918 0.8062373996 2.4208863989    0.742  1.762  3.7828  2.630    4  0.000  0.528     0.00     0.00     0.00     0.00     0.00 -1    -1e-30      0.00 7.483e-01 2.513e-01 5.873e-05 1.705e-05 1.487e-04 -1.000 3.435e-04 0.366 1.180 0.587 0.320 0.257 0.247 0.251
0.00031003 -1.70000 10.07918 0.8062880635 2.4209038022    0.742  1.767  3.7781  2.606    4  0.000  0.528     0.00     0.00     0.00     0.00     0.00 -1    -1e-30      0.00 7.483e-01 2.513e-01 5.873e-05 1.705e-05 1.487e-04 -1.000 3.435e-04 0.351 1.192 0.589 0.306 0.234 0.220 0.223
0.00031003 -1.70000 10.07918 0.8063378334 2.4209208960    0.742  1.773  3.7742  2.584    4  0.000  0.528     0.00     0.00     0.00     0.00     0.00 -1    -1e-30      0.00 7.483e-01 2.513e-01 5.873e-05 1.705e-05 1.487e-04 -1.000 3.435e-04 0.337 1.203 0.589 0.292 0.213 0.195 0.196
0.00031003 -1.70000 10.07918 0.8063880801 2.4209381511    0.743  1.779  3.7706  2.564    4  0.000  0.528     0.00     0.00     0.00     0.00     0.00 -1    -1e-30      0.00 7.483e-01 2.513e-01 5.873e-05 1.705e-05 1.487e-04 -1.000 3.435e-04 0.322 1.211 0.587 0.277 0.192 0.170 0.170
0.00031003 -1.70000 10.07918 0.8064383864 2.4209554242    0.743  1.786  3.7671  2.543    4  0.000  0.528     0.00     0.00     0.00     0.00     0.00 -1    -1e-30      0.00 7.483e-01 2.513e-01 5.873e-05 1.705e-05 1.487e-04 -1.000 3.435e-04 0.305 1.216 0.583 0.260 0.169 0.144 0.143
0.00031003 -1.70000 10.07918 0.8064890504 2.4209728175    0.743  1.794  3.7633  2.520    4  0.000  0.528     0.00     0.00     0.00     0.00     0.00 -1    -1e-30      0.00 7.483e-01 2.513e-01 5.873e-05 1.705e-05 1.487e-04 -1.000 3.436e-04 0.284 1.219 0.576 0.239 0.142 0.113 0.110
0.00031003 -1.70000 10.07918 0.8064991236 2.4209762754    0.743  1.790  3.7652  2.532    4  0.000  0.528     0.00     0.00     0.00     0.00     0.00 -1    -1e-30      0.00 7.483e-01 2.513e-01 5.873e-05 1.705e-05 1.487e-04 -1.000 3.435e-04 0.296 1.219 0.581 0.251 0.156 0.130 0.127
0.00031003 -1.70000 10.07918 0.8065510988 2.4209941159    0.743  1.803  3.7600  2.498    4  0.000  0.528     0.00     0.00     0.00     0.00     0.00 -1    -1e-30      0.00 7.483e-01 2.513e-01 5.873e-05 1.705e-05 1.487e-04 -1.000 3.436e-04 0.264 1.219 0.567 0.220 0.116 0.084 0.080
0.00031003 -1.70000 10.07918 0.8066022396 2.4210116673    0.743  1.819  3.7550  2.462    4  0.000  0.528     0.00     0.00     0.00     0.00     0.00 -1    -1e-30      0.00 7.483e-01 2.513e-01 5.873e-05 1.705e-05 1.487e-04 -1.000 3.436e-04 0.222 1.215 0.545 0.179 0.067 0.030 0.023
0.00031003 -1.70000 10.07918 0.8066453338 2.4210264551    0.743  1.849  3.7479  2.404    4  0.000  0.528     0.00     0.00     0.00     0.00     0.00 -1    -1e-30      0.00 7.483e-01 2.513e-01 5.873e-05 1.705e-05 1.487e-04 -1.000 3.435e-04 0.147 1.191 0.498 0.105 -0.019 -0.063 -0.073
0.00031003 -1.70000 10.07918 0.8066686988 2.4210344721    0.743  1.886  3.7406  2.337    4  0.000  0.528     0.00     0.00     0.00     0.00     0.00 -1    -1e-30      0.00 7.483e-01 2.513e-01 5.873e-05 1.705e-05 1.487e-04 -1.000 3.435e-04 0.055 1.156 0.434 0.015 -0.122 -0.173 -0.186
0.00031003 -1.70000 10.07918 0.8066792488 2.4210380919    0.743  1.924  3.7339  2.272    4  0.000  0.528     0.00     0.00     0.00     0.00     0.00 -1    -1e-30      0.00 7.483e-01 2.513e-01 5.873e-05 1.705e-05 1.487e-04 -1.000 3.435e-04 -0.041 1.118 0.364 -0.080 -0.228 -0.287 -0.303
0.00031003 -1.70000 10.07918 0.8066838980 2.4210396870    0.743  1.964  3.7281  2.210    4  0.000  0.528     0.00     0.00     0.00     0.00     0.00 -1    -1e-30      0.00 7.483e-01 2.513e-01 5.873e-05 1.705e-05 1.487e-04 -1.000 3.436e-04 -0.139 1.074 0.290 -0.176 -0.334 -0.399 -0.417
0.00031003 -1.70000 10.07918 0.8066861629 2.4210404641    0.743  2.001  3.7234  2.154    4  0.000  0.528     0.00     0.00     0.00     0.00     0.00 -1    -1e-30      0.00 7.483e-01 2.513e-01 5.873e-05 1.705e-05 1.487e-04 -1.000 3.435e-04 -0.232 1.028 0.218 -0.267 -0.433 -0.503 -0.524
0.00031003 -1.70000 10.07918 0.8066870570 2.4210407708    0.743  2.025  3.7207  2.118    7  0.000  0.528     0.00     0.00     0.00     0.00     0.00 -1    -1e-30      0.00 7.483e-01 2.513e-01 5.873e-05 1.705e-05 1.487e-04 -1.000 3.435e-04 -0.293 0.993 0.168 -0.327 -0.497 -0.571 -0.593
0.00031003 -1.70000 10.07918 0.8066881299 2.4210411389    0.743  2.065  3.7170  2.064    7  0.000  0.528     0.00     0.00     0.00     0.00     0.00 -1    -1e-30      0.00 7.483e-01 2.513e-01 5.873e-05 1.705e-05 1.487e-04 -1.000 3.435e-04 -0.392 0.934 0.086 -0.424 -0.601 -0.678 -0.702
0.00031003 -1.70000 10.07918 0.8066890836 2.4210414661    0.743  2.101  3.7139  2.015    7  0.000  0.528     0.00     0.00     0.00     0.00     0.00 -1    -1e-30      0.00 7.483e-01 2.513e-01 5.873e-05 1.705e-05 1.487e-04 -1.000 3.436e-04 -0.484 0.876 0.009 -0.514 -0.696 -0.777 -0.802
0.00031003 -1.70000 10.07918 0.8066900373 2.4210417933    0.743  2.130  3.7117  1.977    7  0.000  0.528     0.00     0.00     0.00     0.00     0.00 -1    -1e-30      0.00 7.483e-01 2.513e-01 5.873e-05 1.705e-05 1.487e-04 -1.000 3.436e-04 -0.556 0.831 -0.051 -0.584 -0.770 -0.854 -0.880
0.00031003 -1.70000 10.07918 0.8066909313 2.4210421000    0.743  2.150  3.7103  1.952    7  0.000  0.528     0.00     0.00     0.00     0.00     0.00 -1    -1e-30      0.00 7.483e-01 2.513e-01 5.873e-05 1.705e-05 1.487e-04 -1.000 3.436e-04 -0.605 0.799 -0.093 -0.632 -0.821 -0.906 -0.933
0.00031003 -1.70000 10.07918 0.8066923022 2.4210425704    0.743  2.164  3.7093  1.934    7  0.000  0.528     0.00     0.00     0.00     0.00     0.00 -1    -1e-30      0.00 7.483e-01 2.513e-01 5.873e-05 1.705e-05 1.487e-04 -1.000 3.436e-04 -0.641 0.776 -0.125 -0.668 -0.858 -0.945 -0.972
0.00031003 -1.70000 10.07918 0.8066949844 2.4210434906    0.743  2.152  3.7102  1.949    7  0.000  0.528     0.00     0.00     0.00     0.00     0.00 -1    -1e-30      0.00 7.483e-01 2.513e-01 5.873e-05 1.705e-05 1.487e-04 -1.000 3.436e-04 -0.611 0.793 -0.100 -0.639 -0.828 -0.913 -0.940
0.00031003 -1.70000 10.07918 0.8066993356 2.4210449834    0.743  2.134  3.7116  1.973    7  0.000  0.528     0.00     0.00     0.00     0.00     0.00 -1    -1e-30      0.00 7.483e-01 2.513e-01 5.873e-05 1.705e-05 1.487e-04 -1.000 3.435e-04 -0.565 0.823 -0.061 -0.594 -0.780 -0.864 -0.890
0.00031003 -1.70000 10.07918 0.8067256212 2.4210540011    0.743  2.153  3.7098  1.947    7  0.000  0.528     0.00     0.00     0.00     0.00     0.00 -1    -1e-30      0.00 7.483e-01 2.513e-01 5.873e-05 1.705e-05 1.487e-04 -1.000 3.436e-04 -0.613 0.797 -0.099 -0.640 -0.829 -0.915 -0.943
0.00031003 -1.70000 10.07918 0.8067415953 2.4210594809    0.743  2.176  3.7079  1.916    7  0.000  0.528     0.00     0.00     0.00     0.00     0.00 -1    -1e-30      0.00 7.483e-01 2.513e-01 5.873e-05 1.705e-05 1.487e-04 -1.000 3.435e-04 -0.671 0.763 -0.147 -0.697 -0.889 -0.978 -1.006
0.00031003 -1.70000 10.07918 0.8067610264 2.4210661463    0.743  2.219  3.7047  1.861    7  0.000  0.528     0.00     0.00     0.00     0.00     0.00 -1    -1e-30      0.00 7.483e-01 2.513e-01 5.873e-05 1.705e-05 1.487e-04 -1.000 3.435e-04 -0.777 0.701 -0.236 -0.800 -0.998 -1.091 -1.121
0.00031003 -1.70000 10.07918 0.8067808151 2.4210729340    0.743  2.268  3.7012  1.798    7  0.000  0.528     0.00     0.00     0.00     0.00     0.00 -1    -1e-30      0.00 7.483e-01 2.513e-01 5.873e-05 1.705e-05 1.487e-04 -1.000 3.436e-04 -0.900 0.627 -0.339 -0.919 -1.124 -1.221 -1.253
0.00031003 -1.70000 10.07918 0.8067985773 2.4210790262    0.743  2.313  3.6981  1.740    7  0.000  0.528     0.00     0.00     0.00     0.00     0.00 -1    -1e-30      0.00 7.483e-01 2.513e-01 5.873e-05 1.705e-05 1.487e-04 -1.000 3.435e-04 -1.013 0.559 -0.434 -1.029 -1.240 -1.341 -1.375
0.00031003 -1.70000 10.07918 0.8068143129 2.4210844231    0.743  2.356  3.6951  1.685    7  0.000  0.528     0.00     0.00     0.00     0.00     0.00 -1    -1e-30      0.00 7.483e-01 2.513e-01 5.873e-05 1.705e-05 1.487e-04 -1.000 3.310e-04 -1.121 0.496 -0.523 -1.133 -1.349 -1.454 -1.489
0.00031003 -1.70000 10.07918 0.8068282604 2.4210892065    0.743  2.399  3.6923  1.631    7  0.000  0.528     0.00     0.00     0.00     0.00     0.00 -1    -1e-30      0.00 7.484e-01 2.513e-01 5.871e-05 1.706e-05 1.487e-04 -1.000 3.271e-04 -1.227 0.433 -0.612 -1.235 -1.457 -1.565 -1.603
0.00031003 -1.70000 10.07918 0.8068404794 2.4210933970    0.743  2.441  3.6895  1.578    7  0.000  0.526     0.00     0.00     0.00     0.00     0.00 -1    -1e-30      0.00 7.484e-01 2.513e-01 5.863e-05 1.709e-05 1.487e-04 -1.000 3.272e-04 -1.332 0.372 -0.699 -1.336 -1.563 -1.675 -1.714
0.00031003 -1.70000 10.07918 0.8068513274 2.4210971171    0.743  2.482  3.6867  1.526    7  0.000  0.523     0.00     0.00     0.00     0.00     0.00 -1    -1e-30      0.00 7.483e-01 2.513e-01 5.835e-05 1.728e-05 1.487e-04 -1.000 3.285e-04 -1.435 0.315 -0.783 -1.434 -1.667 -1.783 -1.823
0.00031003 -1.70000 10.07918 0.8068611622 2.4211004897    0.743  2.524  3.6839  1.473    7  0.000  0.515     6.92     5.50     3.90     3.02     2.44  3    -1e-30      0.00 7.483e-01 2.514e-01 5.769e-05 1.786e-05 1.487e-04 -1.000 3.435e-04 -1.539 0.272 -0.866 -1.535 -1.773 -1.892 -1.935
0.00031003 -1.70000 10.07918 0.8068701625 2.4211035761    0.743  2.565  3.6811  1.420    7  0.000  0.504     7.75     6.06     4.28     3.32     2.68  3    -1e-30      0.00 7.483e-01 2.514e-01 5.660e-05 1.903e-05 1.487e-04 -1.000 3.435e-04 -1.644 0.241 -0.948 -1.638 -1.882 -2.004 -2.048
0.00031003 -1.70000 10.07918 0.8068785667 2.4211064579    0.743  2.608  3.6782  1.366    7  0.000  0.491     8.69     6.67     4.69     3.64     2.95  3    -1e-30      0.00 7.482e-01 2.514e-01 5.522e-05 2.065e-05 1.488e-04 -1.000 3.435e-04 -1.749 0.218 -1.026 -1.741 -1.990 -2.117 -2.162
0.00031003 -1.70000 10.07918 0.8068863750 2.4211091354    0.743  2.650  3.6753  1.312    7  0.000  0.479     9.74     7.35     5.15     4.00     3.24  3    -1e-30      0.00 7.481e-01 2.516e-01 5.386e-05 2.231e-05 1.488e-04 -1.000 3.230e-04 -1.855 0.204 -1.102 -1.843 -2.099 -2.229 -2.277
0.00031003 -1.70000 10.07918 0.8068938255 2.4211116901    0.743  2.692  3.6724  1.258    7  0.000  0.468    10.93     8.11     5.65     4.40     3.56  2    -1e-30      0.00 7.480e-01 2.517e-01 5.265e-05 2.380e-05 1.488e-04 -1.000 3.435e-04 -1.960 0.197 -1.175 -1.945 -2.208 -2.342 -2.392
0.00031003 -1.70000 10.07918 0.8069009781 2.4211141426    0.743  2.734  3.6695  1.205    7  0.000  0.459    12.24     8.93     6.19     4.83     3.91  2    -1e-30      0.00 7.479e-01 2.518e-01 5.161e-05 2.507e-05 1.487e-04 -1.000 3.436e-04 -2.064 0.198 -1.244 -2.045 -2.315 -2.454 -2.505
0.00031003 -1.70000 10.07918 0.8069078326 2.4211164929    0.743  2.776  3.6665  1.152    7  0.000  0.451    13.72     9.84     6.79     5.31     4.30  2    -1e-30      0.00 7.477e-01 2.519e-01 5.073e-05 2.615e-05 1.487e-04 -1.000 3.435e-04 -2.169 0.206 -1.310 -2.144 -2.422 -2.565 -2.618
0.00031003 -1.70000 10.07918 0.8069139719 2.4211185978    0.743  2.818  3.6635  1.097    7  0.000  0.444    15.40    10.85     7.46     5.84     4.73  2    -1e-30      0.00 7.476e-01 2.520e-01 4.996e-05 2.710e-05 1.487e-04 -1.000 3.435e-04 -2.275 0.223 -1.374 -2.244 -2.530 -2.677 -2.733
0.00031003 -1.70000 10.07918 0.8069190979 2.4211203554    0.743  2.858  3.6606  1.046    7  0.000  0.439    17.18    11.91     8.15     6.39     5.18  2    -1e-30      0.00 7.475e-01 2.522e-01 4.934e-05 2.787e-05 1.486e-04 -1.000 3.436e-04 -2.374 0.248 -1.431 -2.337 -2.632 -2.783 -2.841
0.00031003 -1.70000 10.07918 0.8069235086 2.4211218676    0.743  2.898  3.6577  0.994    7  0.000  0.435    19.19    13.09     8.92     7.00     5.67  2    -1e-30      0.00 7.473e-01 2.523e-01 4.879e-05 2.855e-05 1.485e-04 -1.000 3.435e-04 -2.475 0.281 -1.483 -2.429 -2.733 -2.890 -2.950
0.00031003 -1.70000 10.07918 0.8069271445 2.4211231142    0.743  2.938  3.6548  0.942    7  0.000  0.431    21.41    14.36     9.75     7.66     6.21  2    -1e-30      0.00 7.472e-01 2.525e-01 4.831e-05 2.916e-05 1.484e-04 -1.000 3.231e-04 -2.574 0.283 -1.539 -2.516 -2.829 -2.991 -3.054
0.00031003 -1.70000 10.07918 0.8069307208 2.4211243404    0.743  2.980  3.6516  0.887    7  0.000  0.428    24.08    15.87    10.73     8.44     6.84  1    -1e-30      0.00 7.470e-01 2.527e-01 4.788e-05 2.975e-05 1.483e-04 -1.000 3.435e-04 -2.681 0.287 -1.596 -2.608 -2.932 -3.100 -3.166
0.00031003 -1.70000 10.07918 0.8069341779 2.4211255256    0.743  3.025  3.6482  0.828    7  0.000  0.425    27.28    17.64    11.87     9.36     7.59  1    -1e-30      0.00 7.468e-01 2.528e-01 4.753e-05 3.024e-05 1.481e-04 -1.000 3.436e-04 -2.793 0.293 -1.656 -2.704 -3.040 -3.215 -3.283
0.00031003 -1.70000 10.07918 0.8069373369 2.4211266087    0.743  3.073  3.6445  0.767    7  0.000  0.423    31.12    19.73    13.21    10.43     8.46  1    -1e-30      0.00 7.467e-01 2.530e-01 4.724e-05 3.072e-05 1.478e-04 -1.000 3.435e-04 -2.912 0.300 -1.718 -2.804 -3.152 -3.334 -3.405
0.00031003 -1.70000 10.07918 0.8069384098 2.4211269765    0.743  3.099  3.6424  0.732    7  0.000  0.423    33.50    21.00    14.02    11.08     8.99  1    -1e-30      0.00 7.466e-01 2.530e-01 4.711e-05 3.096e-05 1.477e-04 -1.000 3.436e-04 -2.977 0.307 -1.750 -2.859 -3.214 -3.400 -3.473
0.00031003 -1.70000 10.07918 0.8069386482 2.4211270583    0.743  3.119  3.6409  0.705    7  0.000  0.422    35.44    22.04    14.68    11.61     9.42  1    -1e-30      0.00 7.466e-01 2.531e-01 4.703e-05 3.115e-05 1.476e-04 -1.000 3.435e-04 -3.028 0.310 -1.777 -2.902 -3.263 -3.452 -3.526
0.00031003 -1.70000 10.07918 0.8069389462 2.4211271604    0.743  3.149  3.6386  0.667    7  0.000  0.421    38.48    23.63    15.69    12.42    10.08  1    -1e-30      0.00 7.464e-01 2.533e-01 4.687e-05 3.159e-05 1.473e-04 -1.000 3.435e-04 -3.102 0.316 -1.812 -2.963 -3.332 -3.526 -3.602
0.00031003 -1.70000 10.07918 0.8069394231 2.4211273239    0.743  3.179  3.6362  0.626    7  0.000  0.420    41.94    25.43    16.83    13.34    10.82  1    -1e-30      0.00 7.462e-01 2.535e-01 4.661e-05 3.218e-05 1.469e-04 -1.000 3.436e-04 -3.179 0.326 -1.845 -3.024 -3.403 -3.602 -3.680
0.00031003 -1.70000 10.07918 0.8069396019 2.4211273852    0.743  3.191  3.6352  0.610    7  0.534  0.419    43.40    26.18    17.30    13.72    11.13  1    -1e-30      0.00 7.461e-01 2.536e-01 4.640e-05 3.261e-05 1.467e-04 -1.000 3.435e-04 -3.209 0.331 -1.857 -3.048 -3.430 -3.631 -3.711
0.00031003 -1.70000 10.07918 0.8069396615 2.4211274057    0.743  3.311  3.6247  0.449    8  0.534  0.411    61.13    35.02    22.84    18.19    14.77  1  -6.6e-07      0.00 7.405e-01 2.593e-01 4.449e-05 3.908e-05 1.476e-04 -1.000 2.645e-04 -3.507 0.389 -1.960 -3.274 -3.699 -3.924 -4.013
0.00031003 -1.70000 10.07918 0.8069397211 2.4211274261    0.742  3.127  3.6386  0.688    8  0.534  0.402    36.79    22.75    15.13    11.97     9.71  1  -2.9e-07      0.00 7.405e-01 2.593e-01 4.449e-05 3.908e-05 1.476e-04 -1.000 2.645e-04 -3.048 0.353 -1.765 -2.910 -3.278 -3.471 -3.547
0.00031003 -1.70000 10.07918 0.8069398403 2.4211274670    0.741  2.978  3.6508  0.885    8  0.534  0.402    24.17    15.91    10.76     8.47     6.86  1 -1.51e-07      0.00 7.405e-01 2.593e-01 4.449e-05 3.908e-05 1.476e-04 -1.000 2.645e-04 -2.675 0.311 -1.582 -2.598 -2.925 -3.094 -3.160
0.00031003 -1.70000 10.07918 0.8069400191 2.4211275283    0.738  2.778  3.6671  1.149    8  0.535  0.402    13.78     9.87     6.82     5.33     4.31  2  -6.5e-08      0.00 7.405e-01 2.593e-01 4.449e-05 3.908e-05 1.476e-04 -1.000 2.645e-04 -2.174 0.183 -1.322 -2.150 -2.427 -2.569 -2.622
0.00031003 -1.70000 10.07918 0.8069402575 2.4211276100    0.733  2.784  3.6665  1.138    8  0.535  0.402    14.07    10.05     6.93     5.42     4.39  2 -6.74e-08      0.00 7.405e-01 2.593e-01 4.449e-05 3.908e-05 1.476e-04 -1.000 2.646e-04 -2.189 0.191 -1.329 -2.164 -2.442 -2.585 -2.639
0.00031003 -1.70000 10.07918 0.8069406152 2.4211277326    0.728  2.879  3.6586  1.007    8  0.535  0.402    18.54    12.70     8.67     6.81     5.51  2 -1.02e-07      0.00 7.405e-01 2.593e-01 4.449e-05 3.908e-05 1.476e-04 -1.000 2.645e-04 -2.428 0.291 -1.450 -2.385 -2.686 -2.841 -2.901
0.00031003 -1.70000 10.07918 0.8069410324 2.4211278757    0.722  3.048  3.6446  0.779    8  0.535  0.402    30.11    19.16    12.83    10.14     8.22  1 -2.18e-07      0.00 7.405e-01 2.593e-01 4.449e-05 3.908e-05 1.476e-04 -1.000 2.646e-04 -2.850 0.350 -1.661 -2.743 -3.091 -3.272 -3.343
0.00031003 -1.70000 10.07918 0.8069415092 2.4211280392    0.714  3.196  3.6323  0.577    8  0.536  0.402    46.20    27.51    18.13    14.40    11.69  1 -4.34e-07      0.00 7.405e-01 2.593e-01 4.449e-05 3.908e-05 1.476e-04 -1.000 2.646e-04 -3.220 0.408 -1.822 -3.042 -3.435 -3.642 -3.724
0.00031003 -1.70000 10.07918 0.8069420457 2.4211282231    0.706  3.295  3.6241  0.440    8  0.536  0.402    61.74    35.13    22.89    18.26    14.83  1 -6.99e-07      0.00 7.405e-01 2.593e-01 4.449e-05 3.908e-05 1.476e-04 -1.000 2.646e-04 -3.467 0.449 -1.907 -3.230 -3.657 -3.884 -3.974
0.00031003 -1.70000 10.07918 0.8069427013 2.4211284478    0.696  3.350  3.6194  0.360    8  0.536  0.402    73.03    40.44    26.17    20.94    17.00  1 -9.29e-07      0.00 7.405e-01 2.593e-01 4.449e-05 3.908e-05 1.476e-04 -1.000 2.645e-04 -3.605 0.473 -1.940 -3.328 -3.779 -4.018 -4.112
0.00031003 -1.70000 10.07918 0.8069433570 2.4211286726    0.686  3.379  3.6167  0.315    8  0.537  0.402    80.33    43.76    28.21    22.61    18.36  1  -1.1e-06      0.00 7.405e-01 2.593e-01 4.449e-05 3.908e-05 1.476e-04 -1.000 2.645e-04 -3.677 0.488 -1.952 -3.377 -3.841 -4.087 -4.184
0.00031003 -1.70000 10.07918 0.8069441319 2.4211289383    0.675  3.397  3.6150  0.282    8  0.537  0.402    85.96    46.25    29.73    23.85    19.37  1 -1.25e-06      0.00 7.405e-01 2.593e-01 4.449e-05 3.908e-05 1.476e-04 -1.000 2.645e-04 -3.723 0.502 -1.956 -3.407 -3.880 -4.131 -4.230
0.00031003 -1.70000 10.07918 0.8069474697 2.4211300826    0.539 -9.999  4.0000  1.797    9  0.539  0.000     0.00     0.00     0.00     0.00     0.00 -1    -1e-30      0.00 7.405e-01 2.593e-01 4.449e-05 3.908e-05 1.476e-04 -1.000 2.645e-04 29.767 30.104 29.966 30.244 30.473 30.553 30.642
#isochrone terminated
